STATIONS_ID;MESS_DATUM_BEGINN;MESS_DATUM_ENDE;QN_4;MO_N;TAVG;TMAX;TMIN;MO_FK;MX_TX;MX_FX;MX_TN;MO_SD_S;QN_6;MO_RR;MX_RS
1420;19350701;19350731;1;3.94;20.19;26.15;13.21;2.62;32.4;-999.0;6.6;-999.0;1;7.8;4.6
1420;19350801;19350831;1;3.95;18.51;24.91;11.89;2.13;32.5;-999;5.5;-999;1;67.8;41.3
1420;19350901;19350930;1;4.80;14.73;20.14;9.71;2.14;29.4;-999;2.9;-999;1;67.0;21.4
1420;19351001;19351031;1;5.91;9.09;13.65;5.42;2.22;19.7;-999;-1.3;-999;1;43.5;12.2
1420;19351101;19351130;1;6.30;5.95;8.83;3.08;1.74;16.9;-999;-2.7;-999;1;43.0;16.1
1420;19351201;19351231;1;6.47;1.41;3.29;-0.90;2.40;11.0;-999;-7.6;-999;1;47.4;19.8
1420;19360101;19360131;1;6.55;4.55;7.10;1.49;2.01;13.8;-999;-5.6;-999;1;104.9;33.1
1420;19360201;19360229;1;4.76;1.68;5.71;-1.92;1.77;12.9;-999;-11.6;-999;1;35.3;10.1
1420;19360301;19360331;1;4.88;6.64;12.23;2.05;1.53;20.5;-999;-4.4;-999;1;23.0;3.8
1420;19360401;19360430;1;5.25;7.87;12.63;3.34;2.72;20.3;-999;-2.6;-999;1;71.3;20.3
1420;19360501;19360531;1;4.39;14.79;20.85;8.39;2.34;26.0;-999;3.2;-999;1;7.9;2.7
1420;19360601;19360630;1;4.97;17.72;23.08;12.01;2.07;31.2;-999;2.5;-999;1;67.6;16.9
1420;19360701;19360731;5;-999;-999;22.30;12.50;-999;-999;-999;-999;-999;5;92.0;-999
1420;19360801;19360831;1;4.24;16.99;22.51;12.01;1.80;29.3;-999;6.8;211.90;1;106.0;31.8
1420;19360901;19360930;1;5.51;13.70;18.48;9.93;2.07;26.6;-999;-1.9;112.70;1;101.0;16.7
1420;19361001;19361031;1;6.00;7.39;10.90;3.70;2.56;14.8;-999;-6.1;92.60;1;48.9;16.0
1420;19361101;19361130;1;6.38;4.62;7.13;1.97;2.35;12.6;-999;-5.6;42.30;1;35.7;6.6
1420;19361201;19361231;1;6.68;1.58;3.75;-0.81;1.79;13.3;-999;-7.0;16.30;1;41.0;10.1
1420;19370101;19370131;1;6.01;1.03;3.59;-1.57;2.48;10.0;-999;-7.8;65.20;1;93.9;20.9
1420;19370201;19370228;1;6.59;3.80;6.93;0.76;2.98;11.7;-999;-4.2;53.40;1;92.3;18.6
1420;19370301;19370331;1;6.32;4.02;7.79;0.03;2.48;12.8;-999;-5.0;82.20;1;42.2;10.1
1420;19370401;19370430;1;6.12;9.29;13.55;5.45;2.40;19.5;-999;0.1;90.40;1;80.5;17.0
1420;19370501;19370531;1;4.31;16.03;21.98;9.52;2.26;29.8;-999;1.4;262.10;1;28.9;7.0
1420;19370601;19370630;1;4.90;17.15;23.51;11.55;2.03;33.7;-999;3.5;243.40;1;106.5;27.7
1420;19370701;19370731;1;4.73;18.42;24.16;12.62;2.24;30.7;-999;8.0;206.80;1;46.7;22.5
1420;19370801;19370831;1;4.25;18.57;24.48;13.24;2.19;34.3;-999;7.1;192.00;1;45.3;17.3
1420;19370901;19370930;1;4.62;13.94;20.07;9.16;2.43;29.6;-999;3.2;145.50;1;42.8;7.9
1420;19371001;19371031;1;5.40;9.47;14.09;5.56;1.97;22.6;-999;0.1;86.90;1;10.0;3.7
1420;19371101;19371130;1;5.96;3.86;6.93;0.72;1.95;15.1;-999;-3.8;32.50;1;21.0;4.7
1420;19371201;19371231;1;6.36;0.40;2.59;-2.10;2.20;8.4;-999;-8.4;22.00;1;40.9;8.2
1420;19380101;19380131;1;6.70;2.58;4.76;-0.20;3.25;11.3;-999;-13.6;31.70;1;92.8;13.2
1420;19380201;19380228;1;4.87;1.68;5.80;-1.57;2.79;11.3;-999;-6.0;101.90;1;31.7;8.3
1420;19380301;19380331;1;4.00;7.69;14.75;1.50;2.29;21.4;-999;-5.4;177.90;1;10.9;3.9
1420;19380401;19380430;1;4.97;6.49;11.88;1.66;2.72;20.2;-999;-5.8;165.30;1;32.6;14.0
1420;19380501;19380531;1;4.64;11.71;17.30;5.84;2.77;27.5;-999;-2.3;230.60;1;57.9;13.6
1420;19380601;19380630;1;4.61;17.64;23.78;11.08;2.68;32.0;-999;3.1;221.00;1;12.4;3.8
1420;19380701;19380731;1;5.39;17.76;23.49;12.44;2.28;31.3;-999;5.9;185.50;1;75.2;15.2
1420;19380801;19380831;1;5.70;18.56;23.53;14.28;2.17;33.7;-999;4.6;165.60;1;123.3;29.9
1420;19380901;19380930;1;4.56;14.26;20.51;9.20;1.55;24.5;-999;0.8;150.90;1;55.9;22.4
1420;19381001;19381031;1;5.74;9.00;12.90;5.49;3.03;18.6;-999;-3.8;92.50;1;73.2;31.4
1420;19381101;19381130;1;6.26;7.08;10.48;3.69;2.29;17.2;-999;-1.7;28.50;1;56.3;18.6
1420;19381201;19381231;1;5.80;-1.44;1.18;-4.65;2.92;8.5;-999;-16.6;32.30;1;30.3;7.7
1420;19390101;19390131;1;6.94;4.12;6.13;1.72;3.20;13.1;-999;-7.8;24.40;1;94.4;15.2
1420;19390201;19390228;1;5.65;1.52;4.99;-2.13;2.49;11.2;-999;-10.3;63.80;1;19.0;3.3
1420;19390301;19390331;1;5.46;3.05;7.22;-0.62;2.65;14.6;-999;-7.7;108.30;1;50.9;10.8
1420;19390401;19390430;1;5.29;9.95;14.87;5.06;3.00;24.6;-999;0.4;131.70;1;57.6;11.7
1420;19390501;19390531;1;5.73;11.61;16.10;7.00;2.56;22.4;-999;-0.5;128.60;1;33.0;5.6
1420;19390601;19390630;1;4.50;17.54;23.33;11.37;2.53;31.4;-999;4.2;225.00;1;73.8;35.8
1420;19390701;19390731;1;5.32;17.68;23.31;12.01;2.75;31.3;-999;5.9;200.60;1;76.0;13.9
1420;19390801;19390831;1;4.70;18.04;23.90;12.98;2.11;29.3;-999;7.7;167.50;1;76.3;14.5
1420;19390901;19390930;1;4.97;14.17;18.66;10.13;1.99;27.4;-999;-1.9;-999;1;71.3;12.6
1420;19391001;19391031;1;6.96;7.66;10.35;4.79;2.40;19.3;-999;-0.5;36.90;1;161.7;19.0
1420;19391101;19391130;1;6.28;6.46;9.79;3.27;3.08;17.4;-999;-5.8;52.70;1;115.7;32.6
1420;19391201;19391231;1;6.71;-0.53;1.99;-3.30;2.57;13.5;-999;-25.2;26.90;1;30.1;12.7
1420;19400101;19400131;1;4.65;-8.64;-4.37;-13.48;2.29;0.4;-999;-27.1;66.00;1;25.9;7.8
1420;19400201;19400229;1;6.42;-2.35;1.30;-6.78;2.08;10.6;-999;-19.1;70.10;1;42.4;7.9
1420;19400301;19400331;1;5.96;4.44;9.01;0.11;3.02;18.3;-999;-6.6;110.80;1;75.6;16.8
1420;19400401;19400430;1;5.61;9.44;14.58;4.18;2.75;25.5;-999;-3.1;141.90;1;74.3;18.8
1420;19400501;19400531;1;5.55;13.85;19.47;7.76;2.29;27.8;-999;1.2;190.80;1;59.1;27.9
1420;19400601;19400630;1;4.46;18.11;23.15;11.63;2.33;28.9;-999;6.0;246.10;1;58.3;14.1
1420;19400701;19400731;1;6.03;17.06;22.10;12.10;2.46;28.3;-999;5.1;160.30;1;154.9;36.4
1420;19400801;19400831;1;5.46;15.72;20.64;10.99;2.36;28.7;-999;2.5;159.10;1;46.1;20.2
1420;19400901;19400930;1;5.46;13.84;18.99;9.39;2.60;28.1;-999;3.9;109.00;1;114.3;27.2
1420;19401001;19401031;1;6.22;8.41;11.70;5.40;2.33;17.5;-999;-3.0;70.20;1;37.3;9.9
1420;19401101;19401130;1;6.55;6.39;9.60;3.12;3.63;15.8;-999;-5.0;53.30;1;59.7;13.2
1420;19401201;19401231;1;4.91;-1.83;0.67;-4.76;2.85;6.1;-999;-12.5;52.40;1;78.4;33.8
1420;19410101;19410131;1;6.46;-3.69;-1.07;-6.38;2.30;8.4;-999;-15.0;30.20;1;60.0;12.0
1420;19410201;19410228;1;6.41;1.41;4.65;-2.21;2.41;11.9;-999;-7.7;61.10;1;65.3;20.2
1420;19410301;19410331;1;5.41;5.49;10.69;1.39;2.76;17.5;-999;-7.8;135.60;1;71.4;9.6
1420;19410401;19410430;1;6.01;7.34;11.95;2.93;2.55;19.7;-999;-3.7;134.50;1;32.4;7.8
1420;19410501;19410531;1;5.41;10.38;15.29;4.37;2.58;22.4;-999;-3.2;172.20;1;48.4;29.2
1420;19410601;19410630;1;4.28;17.68;23.10;11.98;2.09;32.5;-999;4.0;196.20;1;65.1;24.9
1420;19410701;19410731;1;4.89;19.45;25.56;13.04;2.49;32.3;-999;6.0;211.30;1;87.9;55.7
1420;19410801;19410831;1;6.16;15.48;20.67;11.19;3.07;27.1;-999;6.0;101.30;1;152.9;24.0
1420;19410901;19410930;1;3.78;13.38;19.54;7.77;2.30;26.4;-999;0.3;179.70;1;10.6;5.5
1420;19411001;19411031;1;6.28;8.94;13.08;5.64;2.93;20.5;-999;-2.3;71.60;1;68.4;13.7
1420;19411101;19411130;1;6.38;3.61;6.18;0.96;2.71;11.5;-999;-4.5;62.30;1;27.1;11.2
1420;19411201;19411231;1;6.56;2.07;4.83;-1.19;3.39;12.0;-999;-14.7;28.40;1;41.7;13.0
1420;19420101;19420131;1;4.39;-6.87;-2.85;-10.34;2.44;4.6;-999;-28.0;78.10;1;57.5;21.3
1420;19420201;19420228;1;5.94;-4.49;-0.69;-8.33;2.83;4.6;-999;-20.4;54.20;1;8.2;2.3
1420;19420301;19420331;1;5.17;3.45;8.59;-1.33;2.33;17.1;-999;-8.2;134.30;1;54.7;14.4
1420;19420401;19420430;1;4.49;9.79;15.57;3.13;3.46;21.5;-999;-3.0;208.60;1;30.3;11.7
1420;19420501;19420531;1;6.30;13.09;19.50;6.95;2.82;26.4;-999;-4.0;188.00;1;84.2;19.7
1420;19420601;19420630;1;4.52;15.93;21.95;9.81;2.73;30.7;-999;3.9;252.90;1;46.0;8.3
1420;19420701;19420731;1;6.14;17.07;22.95;11.40;2.73;30.4;-999;7.7;158.70;1;96.7;15.5
1420;19420801;19420831;1;4.41;18.04;25.75;11.67;1.86;33.9;-999;4.3;218.70;1;31.2;15.6
1420;19420901;19420930;1;4.93;16.02;23.08;9.96;2.51;31.7;-999;4.0;181.40;1;44.3;11.1
1420;19421001;19421031;1;6.16;12.10;17.40;7.43;2.63;25.6;-999;-0.4;78.70;1;54.1;9.2
1420;19421101;19421130;1;6.68;4.24;7.75;1.26;2.24;16.1;-999;-5.2;29.80;1;41.4;17.7
1420;19421201;19421231;1;6.21;1.27;4.63;-3.05;1.96;11.2;-999;-12.3;22.00;1;33.7;9.5
1420;19430101;19430131;1;6.01;-0.09;4.05;-4.24;2.49;12.6;-999;-15.6;50.80;1;36.7;11.5
1420;19430201;19430228;1;4.51;2.66;8.70;-2.64;2.78;12.2;-999;-7.4;83.50;1;17.7;5.6
1420;19430301;19430331;1;4.35;6.72;13.29;0.43;2.20;20.8;-999;-7.5;152.90;1;30.4;15.5
1420;19430401;19430430;1;5.25;10.42;16.86;3.99;2.87;25.5;-999;-3.5;178.20;1;45.3;17.7
1420;19430501;19430531;1;5.17;14.37;20.56;7.63;2.72;30.6;-999;-0.5;210.30;1;46.6;17.6
1420;19430601;19430630;1;5.77;15.27;20.87;9.02;2.36;28.0;-999;3.6;167.70;1;89.5;28.7
1420;19430701;19430731;1;4.79;19.09;25.86;11.72;1.89;33.0;-999;5.5;268.20;1;66.6;41.5
1420;19430801;19430831;1;5.13;18.84;25.91;12.81;2.45;35.7;-999;7.2;159.10;1;68.5;36.8
1420;19430901;19430930;1;5.18;14.63;21.07;7.89;2.16;31.0;-999;0.5;144.70;1;37.9;15.0
1420;19431001;19431031;1;4.00;10.33;16.65;4.76;1.73;22.5;-999;-5.5;141.50;1;16.5;7.3
1420;19431101;19431130;1;6.58;3.36;6.56;0.18;3.07;18.7;-999;-4.7;29.90;1;85.8;18.4
1420;19431201;19431231;1;6.47;0.57;2.81;-2.31;2.03;10.8;-999;-8.7;16.40;1;21.8;5.8
1420;19440101;19440131;1;6.99;3.80;6.19;-0.08;3.46;11.4;-999;-6.5;14.80;1;57.2;10.0
1420;19440201;19440229;1;6.18;0.35;3.00;-3.16;2.95;11.5;-999;-8.5;-999;1;42.4;8.4
1420;19440301;19440331;-999;-999;-999;-999;-999;-999;-999;-999;-999;-999;5;25.0;-999
1420;19440401;19440430;1;6.38;10.51;16.30;4.07;2.48;24.3;-999;-5.5;-999;1;18.6;4.1
1420;19440501;19440531;1;4.67;13.57;19.76;5.37;2.61;32.5;-999;-3.4;-999;1;13.4;12.8
1420;19440601;19440630;1;5.92;15.48;20.71;9.14;2.71;29.5;-999;1.8;-999;1;117.8;26.9
1420;19440701;19440731;1;6.03;18.41;23.21;12.74;2.27;31.5;-999;9.0;165.60;1;68.7;18.6
1420;19440801;19440831;1;4.06;21.56;28.42;14.41;2.08;36.7;-999;11.3;226.50;1;16.6;5.4
1420;19440901;19440930;1;4.98;13.38;19.11;7.97;2.47;27.5;-999;0.5;119.10;1;98.7;45.8
1420;19441001;19441031;1;6.44;9.81;14.01;6.01;2.64;19.7;-999;-2.5;67.50;1;55.6;13.3
1420;19441101;19441130;1;6.83;4.93;7.76;1.55;3.17;13.2;-999;-5.1;-999;1;88.1;13.6
1420;19441201;19441231;1;5.48;0.62;3.39;-3.16;2.43;10.2;-999;-12.9;-999;1;71.8;21.5
1420;19450101;19450131;1;5.83;-4.84;-1.49;-10.67;2.10;3.6;-999;-18.5;-999;1;45.6;9.1
1420;19450201;19450228;1;5.96;4.67;8.15;0.68;2.07;13.4;-999;-4.5;-999;1;71.6;13.4
1420;19450301;19450331;-999;-999;-999;-999;-999;-999;-999;-999;-999;-999;5;5.0;-999
1420;19450401;19450430;-999;-999;-999;-999;-999;-999;-999;-999;-999;-999;5;45.0;-999
1420;19450501;19450531;-999;-999;-999;-999;-999;-999;-999;-999;-999;-999;5;80.0;-999
1420;19450601;19450630;-999;-999;-999;-999;-999;-999;-999;-999;-999;-999;5;45.0;-999
1420;19450701;19450731;-999;-999;-999;-999;-999;-999;-999;-999;-999;-999;5;40.0;-999
1420;19450801;19450831;-999;-999;-999;-999;-999;-999;-999;-999;-999;-999;5;150.0;-999
1420;19450901;19450930;-999;-999;-999;-999;-999;-999;-999;-999;-999;-999;5;45.0;-999
1420;19451001;19451031;-999;-999;-999;-999;-999;-999;-999;-999;-999;-999;5;10.0;-999
1420;19451101;19451130;-999;-999;-999;-999;-999;-999;-999;-999;-999;-999;5;30.0;-999
1420;19451201;19451231;-999;-999;-999;-999;-999;-999;-999;-999;-999;-999;5;60.0;-999
1420;19460101;19460131;-999;-999;-999;-999;-999;-999;-999;-999;-999;-999;5;40.0;-999
1420;19460201;19460228;-999;-999;-999;-999;-999;-999;-999;-999;-999;-999;5;100.0;-999
1420;19460301;19460331;-999;-999;-999;-999;-999;-999;-999;-999;-999;-999;5;20.0;-999
1420;19460401;19460430;-999;-999;-999;-999;-999;-999;-999;-999;-999;-999;5;20.0;-999
1420;19460501;19460531;-999;-999;-999;-999;-999;-999;-999;-999;-999;-999;5;70.0;-999
1420;19460601;19460630;-999;-999;-999;-999;-999;-999;-999;-999;-999;-999;5;140.0;-999
1420;19460701;19460731;-999;-999;-999;-999;-999;-999;-999;-999;-999;-999;5;30.0;-999
1420;19460801;19460831;-999;-999;-999;-999;-999;-999;-999;-999;-999;-999;5;45.0;-999
1420;19460901;19460930;-999;-999;-999;-999;-999;-999;-999;-999;-999;-999;5;60.0;-999
1420;19461001;19461031;-999;-999;-999;-999;-999;-999;-999;-999;-999;-999;5;30.0;-999
1420;19461101;19461130;-999;-999;-999;-999;-999;-999;-999;-999;-999;-999;5;30.0;-999
1420;19461201;19461231;-999;-999;-999;-999;-999;-999;-999;-999;-999;-999;5;50.0;-999
1420;19470101;19470131;-999;-999;-999;-999;-999;-999;-999;-999;-999;-999;5;35.0;-999
1420;19470201;19470228;-999;-999;-999;-999;-999;-999;-999;-999;-999;-999;5;40.0;-999
1420;19470301;19470331;-999;-999;-999;-999;-999;-999;-999;-999;-999;-999;5;90.0;-999
1420;19470401;19470430;-999;-999;-999;-999;-999;-999;-999;-999;-999;-999;5;50.0;-999
1420;19470501;19470531;-999;-999;-999;-999;-999;-999;-999;-999;-999;-999;5;40.0;-999
1420;19470601;19470630;-999;-999;-999;-999;-999;-999;-999;-999;-999;-999;5;35.0;-999
1420;19470701;19470731;-999;-999;-999;-999;-999;-999;-999;-999;-999;-999;5;90.0;-999
1420;19470801;19470831;-999;-999;-999;-999;-999;-999;-999;-999;-999;-999;5;10.0;-999
1420;19470901;19470930;-999;-999;-999;-999;-999;-999;-999;-999;-999;-999;5;15.0;-999
1420;19471001;19471031;-999;-999;-999;-999;-999;-999;-999;-999;-999;-999;5;15.0;-999
1420;19471101;19471130;-999;-999;-999;-999;-999;-999;-999;-999;-999;-999;5;90.0;-999
1420;19471201;19471231;-999;-999;-999;-999;-999;-999;-999;-999;-999;-999;5;130.0;-999
1420;19480101;19480131;-999;-999;-999;-999;-999;-999;-999;-999;-999;-999;5;100.0;-999
1420;19480201;19480229;-999;-999;-999;-999;-999;-999;-999;-999;-999;-999;5;50.0;-999
1420;19480301;19480331;-999;-999;-999;-999;-999;-999;-999;-999;-999;-999;5;25.0;-999
1420;19480401;19480430;-999;-999;-999;-999;-999;-999;-999;-999;-999;-999;5;40.0;-999
1420;19480501;19480531;-999;-999;-999;-999;-999;-999;-999;-999;-999;-999;5;80.0;-999
1420;19480601;19480630;-999;-999;-999;-999;-999;-999;-999;-999;-999;-999;5;45.0;-999
1420;19480701;19480731;-999;-999;-999;-999;-999;-999;-999;-999;-999;-999;5;100.0;-999
1420;19480801;19480831;-999;-999;-999;-999;-999;-999;-999;-999;-999;-999;5;100.0;-999
1420;19480901;19480930;-999;-999;-999;-999;-999;-999;-999;-999;-999;-999;5;15.0;-999
1420;19481001;19481031;1;4.74;9.34;14.43;4.52;2.08;24.0;-999;-0.6;-999;1;36.9;12.4
1420;19481101;19481130;1;5.95;3.89;7.15;0.87;1.26;13.6;-999;-8.5;-999;1;26.7;8.6
1420;19481201;19481231;1;5.40;0.00;2.53;-3.39;1.61;9.5;-999;-12.1;-999;1;20.4;8.6
1420;19490101;19490131;5;5.96;1.76;4.45;-0.94;1.76;10.7;-999;-6.3;-999;5;21.9;4.3
1420;19490201;19490228;5;4.64;1.41;5.57;-2.75;1.31;11.6;-999;-10.7;-999;5;16.9;8.5
1420;19490301;19490331;5;3.53;4.27;9.12;-0.62;1.61;21.7;-999;-10.0;-999;5;30.9;9.8
1420;19490401;19490430;5;4.53;12.47;18.69;6.12;1.65;30.3;-999;-0.2;-999;5;18.1;5.0
1420;19490501;19490531;5;5.70;13.85;18.37;8.33;1.51;25.7;-999;-1.7;-999;5;79.0;27.8
1420;19490601;19490630;5;4.40;16.01;21.20;9.05;1.43;28.7;-999;2.8;-999;5;14.5;5.3
1420;19490701;19490731;5;3.07;20.76;26.85;12.47;1.29;34.5;-999;6.4;-999;5;3.1;1.6
1420;19490801;19490831;5;4.50;18.65;24.59;12.56;0.82;33.9;-999;6.1;-999;5;87.0;36.0
1420;19490901;19490930;5;2.96;17.60;23.86;12.33;0.98;32.6;-999;7.0;-999;5;40.9;15.5
1420;19491001;19491031;5;4.78;11.35;16.27;6.86;1.47;22.1;-999;-0.2;-999;5;48.1;29.6
1420;19491101;19491130;5;5.76;4.42;7.52;1.28;1.76;12.8;-999;-6.2;-999;5;45.1;8.8
1420;19491201;19491231;5;6.37;3.42;5.95;0.82;2.05;12.1;-999;-6.6;-999;5;83.7;21.8
1420;19500101;19500131;5;5.17;-0.05;2.97;-3.07;1.76;10.7;-999;-12.2;-999;5;22.4;13.0
1420;19500201;19500228;5;6.10;4.12;7.69;0.63;2.39;12.8;-999;-7.6;-999;5;68.6;11.9
1420;19500301;19500331;5;4.15;5.98;11.41;0.81;1.45;17.3;-999;-7.4;-999;5;4.0;1.9
1420;19500401;19500430;5;5.48;8.21;12.31;3.98;2.64;21.6;-999;-1.3;-999;5;88.9;28.6
1420;19500501;19500531;5;4.22;14.92;20.86;8.71;1.75;27.3;-999;0.6;-999;5;70.6;14.5
1420;19500601;19500630;5;3.71;18.92;25.04;12.63;1.70;32.7;-999;7.4;-999;5;89.4;21.6
1420;19500701;19500731;5;4.07;19.75;25.47;13.99;1.63;32.7;-999;9.6;-999;5;81.3;27.8
1420;19500801;19500831;5;4.03;18.10;24.65;12.52;1.52;33.1;-999;6.9;258.20;5;70.4;14.0
1420;19500901;19500930;5;6.22;14.13;17.95;10.66;2.35;25.2;-999;6.1;89.40;5;55.4;8.0
1420;19501001;19501031;5;4.71;8.36;13.11;4.93;1.99;19.2;-999;-6.3;127.10;5;22.9;7.8
1420;19501101;19501130;5;6.82;5.17;7.92;2.57;2.40;16.0;-999;-3.4;25.80;5;115.7;25.1
1420;19501201;19501231;5;7.16;-1.34;0.80;-3.56;2.16;9.9;-999;-11.5;23.30;5;63.3;20.0
1420;19510101;19510131;5;7.32;3.43;5.38;1.10;2.42;9.5;-999;-6.3;23.10;5;64.9;12.8
1420;19510201;19510228;5;6.66;3.68;7.04;0.80;2.18;10.4;-999;-3.2;56.70;5;27.2;7.9
1420;19510301;19510331;5;5.61;4.19;8.34;0.22;2.97;16.8;-999;-6.7;112.80;5;52.7;10.4
1420;19510401;19510430;5;5.04;8.43;13.86;3.18;2.52;25.8;-999;-2.3;194.90;5;27.1;7.2
1420;19510501;19510531;5;5.19;13.33;18.90;7.65;2.18;27.2;-999;0.0;225.90;5;55.3;13.9
1420;19510601;19510630;5;5.52;16.31;21.37;11.51;1.93;26.1;-999;6.7;213.00;5;100.1;23.3
1420;19510701;19510731;5;4.62;18.66;24.44;12.83;1.83;32.4;-999;6.6;262.40;5;34.1;10.2
1420;19510801;19510831;5;5.40;18.18;24.07;13.30;1.99;32.3;-999;5.6;219.10;5;51.9;13.0
1420;19510901;19510930;5;4.58;15.24;21.12;10.19;1.85;29.1;-999;1.8;181.80;5;43.1;14.7
1420;19511001;19511031;5;3.26;8.34;14.34;3.44;2.08;19.4;-999;-2.1;179.80;5;23.8;15.1
1420;19511101;19511130;5;6.74;7.30;10.39;4.48;2.54;14.5;-999;-1.6;29.70;5;53.4;14.7
1420;19511201;19511231;5;6.94;2.37;4.41;0.06;2.18;9.1;-999;-4.8;20.70;5;34.8;12.8
1420;19520101;19520131;5;7.12;1.33;3.59;-0.72;2.93;10.3;-999;-4.6;23.00;5;57.0;16.5
1420;19520201;19520229;5;6.61;0.78;3.40;-1.83;2.00;9.7;-999;-12.0;40.80;5;33.8;13.5
1420;19520301;19520331;5;5.83;4.71;9.67;0.75;2.08;16.9;-999;-6.7;123.00;5;80.3;13.3
1420;19520401;19520430;5;4.88;11.88;18.04;5.92;2.05;25.1;-999;-4.1;195.70;5;32.4;12.7
1420;19520501;19520531;5;4.76;14.30;19.80;8.17;2.04;26.3;-999;2.3;236.80;5;26.4;7.1
1420;19520601;19520630;5;4.77;17.02;22.67;11.52;2.26;33.5;-999;6.5;243.70;5;69.4;23.2
1420;19520701;19520731;5;3.97;20.89;26.68;14.34;2.23;37.1;-999;7.9;287.70;5;42.1;29.8
1420;19520801;19520831;5;5.43;19.12;24.96;13.41;2.21;34.4;-999;7.6;210.90;5;68.0;19.5
1420;19520901;19520930;5;5.86;11.33;15.85;8.21;2.48;23.0;-999;3.6;111.40;5;104.2;12.5
1420;19521001;19521031;5;5.91;8.01;12.21;4.41;2.53;15.8;-999;-1.5;100.40;5;71.8;17.3
1420;19521101;19521130;5;6.52;2.89;5.46;0.40;2.43;11.2;-999;-5.5;38.30;5;121.5;22.2
1420;19521201;19521231;5;6.49;0.89;3.32;-1.34;2.48;10.4;-999;-9.6;40.60;5;63.0;16.7
1420;19530101;19530131;5;6.81;-0.21;1.74;-2.51;2.25;8.4;-999;-10.4;23.90;5;14.0;4.7
1420;19530201;19530228;5;5.84;1.54;4.81;-1.35;3.04;14.0;-999;-15.5;59.70;5;21.5;8.5
1420;19530301;19530331;5;2.83;5.98;13.62;-0.49;2.15;22.3;-999;-6.5;201.60;5;4.5;1.5
1420;19530401;19530430;5;4.36;10.66;16.53;4.71;2.46;24.0;-999;0.0;217.60;5;48.9;13.2
1420;19530501;19530531;5;4.68;15.37;21.25;9.25;2.46;31.5;-999;-2.6;244.50;5;28.7;10.9
1420;19530601;19530630;5;5.60;17.38;22.44;12.56;2.08;28.7;-999;3.5;194.70;5;83.1;22.6
1420;19530701;19530731;5;5.12;18.61;23.68;13.70;2.15;30.5;-999;9.4;209.00;5;78.3;18.9
1420;19530801;19530831;5;4.15;18.11;24.08;11.99;1.95;32.3;-999;6.7;253.50;5;12.5;3.8
1420;19530901;19530930;5;4.23;14.83;21.02;9.47;2.55;32.4;-999;2.5;190.30;5;21.1;9.2
1420;19531001;19531031;5;5.42;11.07;16.29;6.99;1.45;21.9;-999;-1.5;104.50;5;49.1;28.9
1420;19531101;19531130;5;6.33;4.96;7.62;1.99;1.70;12.9;-999;-3.4;43.60;5;7.7;5.1
1420;19531201;19531231;5;6.87;3.44;5.86;1.37;1.58;15.8;-999;-4.1;30.10;5;27.5;8.1
1420;19540101;19540131;5;4.93;-1.91;1.35;-4.78;3.04;12.6;-999;-13.9;84.80;5;35.7;7.5
1420;19540201;19540228;5;5.13;-1.21;2.21;-4.29;2.28;8.1;-999;-15.7;71.60;5;23.8;6.7
1420;19540301;19540331;5;4.70;6.32;11.74;1.56;2.35;18.8;-999;-5.2;131.90;5;27.4;6.7
1420;19540401;19540430;5;4.76;8.41;12.83;4.05;2.64;19.0;-999;-1.9;174.30;5;33.6;8.4
1420;19540501;19540531;5;4.85;13.87;19.42;7.57;2.34;28.5;-999;0.9;213.80;5;42.6;14.0
1420;19540601;19540630;5;4.76;17.47;22.25;11.85;2.22;32.1;-999;5.5;201.90;5;44.5;11.4
1420;19540701;19540731;5;5.81;16.15;20.16;12.05;2.75;26.9;-999;8.0;122.40;5;77.1;13.4
1420;19540801;19540831;5;5.75;17.14;22.00;12.80;2.23;31.2;-999;5.9;150.50;5;92.8;16.0
1420;19540901;19540930;5;5.78;14.28;18.65;10.39;2.36;29.4;-999;1.6;106.60;5;90.5;18.2
1420;19541001;19541031;5;5.68;10.57;14.71;7.11;2.09;20.8;-999;-0.8;88.30;5;53.1;10.7
1420;19541101;19541130;5;5.69;4.86;8.54;1.18;2.04;14.6;-999;-5.0;62.30;5;40.0;10.8
1420;19541201;19541231;5;6.68;4.20;6.51;1.91;2.76;10.7;-999;-4.2;21.50;5;93.6;17.9
1420;19550101;19550131;5;6.05;-1.03;1.84;-3.50;1.85;10.2;-999;-8.9;45.20;5;49.0;11.2
1420;19550201;19550228;5;6.25;-0.26;3.04;-3.60;2.54;10.5;-999;-15.7;52.20;5;48.7;8.9
1420;19550301;19550331;5;4.73;2.64;6.84;-1.15;2.86;20.4;-999;-7.9;152.30;5;22.6;7.7
1420;19550401;19550430;5;4.50;9.35;14.68;3.24;2.19;29.1;-999;-3.3;185.60;5;9.1;3.1
1420;19550501;19550531;5;5.12;11.99;17.45;5.81;2.58;27.4;-999;-1.5;207.80;5;56.4;15.8
1420;19550601;19550630;5;5.39;16.68;21.61;11.28;2.21;29.4;-999;2.6;168.60;5;90.2;30.3
1420;19550701;19550731;5;5.44;19.06;23.95;14.47;2.04;32.6;-999;8.1;175.60;5;79.4;27.6
1420;19550801;19550831;5;4.94;17.89;23.41;13.09;1.62;28.8;-999;9.5;192.50;5;60.8;12.6
1420;19550901;19550930;5;4.46;14.36;19.97;9.87;1.67;25.4;-999;3.0;157.20;5;40.0;9.6
1420;19551001;19551031;5;5.64;8.40;12.78;4.50;1.88;18.4;-999;-3.1;104.10;5;26.5;10.0
1420;19551101;19551130;5;5.30;3.99;7.24;0.71;1.77;17.2;-999;-6.7;66.50;5;37.2;14.8
1420;19551201;19551231;5;6.26;3.03;5.53;0.28;2.62;13.4;-999;-7.2;37.60;5;96.6;19.8
1420;19560101;19560131;5;5.83;1.35;4.46;-1.85;2.72;11.4;-999;-16.4;67.50;5;56.7;11.9
1420;19560201;19560229;5;4.00;-7.95;-4.04;-12.52;2.58;4.1;-999;-19.6;106.70;5;9.5;2.1
1420;19560301;19560331;5;4.97;5.47;10.07;0.97;2.38;20.4;-999;-8.9;137.10;5;14.5;5.8
1420;19560401;19560430;5;5.54;7.70;12.42;3.04;2.24;20.4;-999;-3.9;140.00;5;86.8;20.4
1420;19560501;19560531;5;4.49;14.39;19.87;8.15;1.56;29.0;-999;0.1;242.80;5;49.0;16.8
1420;19560601;19560630;5;6.42;14.53;18.52;11.07;1.96;25.0;-999;5.1;108.40;5;126.9;31.1
1420;19560701;19560731;5;5.35;18.23;23.05;13.63;2.06;29.1;-999;10.7;190.90;5;86.3;20.3
1420;19560801;19560831;5;5.45;15.61;20.23;11.02;2.26;27.3;-999;4.9;169.20;5;119.9;24.4
1420;19560901;19560930;5;4.63;14.62;19.99;10.16;1.51;24.6;-999;3.5;151.20;5;50.7;12.5
1420;19561001;19561031;5;6.46;8.65;12.25;5.56;1.86;23.9;-999;-1.0;45.70;5;73.9;17.5
1420;19561101;19561130;5;5.99;3.53;6.06;0.44;2.43;10.3;-999;-11.5;50.10;5;41.1;16.8
1420;19561201;19561231;5;6.48;2.53;4.82;-0.09;2.07;12.2;-999;-9.1;39.60;5;32.2;4.4
1420;19570101;19570131;5;5.55;0.13;2.97;-3.43;2.12;11.6;-999;-14.4;57.50;5;54.5;16.7
1420;19570201;19570228;5;6.30;4.75;8.81;1.29;2.25;16.5;-999;-5.9;63.90;5;89.9;16.8
1420;19570301;19570331;5;4.90;7.35;13.57;2.44;2.13;20.0;-999;-7.1;158.30;5;63.3;32.4
1420;19570401;19570430;5;4.41;9.44;15.35;3.07;2.25;23.4;-999;-3.2;211.90;5;33.7;10.7
1420;19570501;19570531;5;4.57;11.07;16.36;4.95;2.41;25.2;-999;-1.1;228.60;5;38.1;7.5
1420;19570601;19570630;5;4.09;18.35;24.59;10.87;1.90;32.8;-999;3.7;259.30;5;43.1;8.6
1420;19570701;19570731;5;5.05;19.72;25.00;14.26;2.21;37.6;-999;7.4;177.60;5;71.6;12.1
1420;19570801;19570831;5;5.11;16.14;21.33;11.66;2.35;27.1;-999;3.5;159.50;5;65.6;12.6
1420;19570901;19570930;5;6.07;13.19;17.79;9.15;2.26;26.6;-999;1.8;92.50;5;149.4;25.9
1420;19571001;19571031;5;5.31;9.10;13.86;4.83;1.64;19.5;-999;-1.7;91.80;5;41.4;27.0
1420;19571101;19571130;5;6.69;5.38;7.98;3.03;2.14;15.4;-999;-4.0;40.50;5;19.6;8.4
1420;19571201;19571231;5;6.79;0.79;3.05;-2.10;2.06;11.3;-999;-9.3;28.10;5;40.3;10.4
1420;19580101;19580131;5;6.36;0.85;3.29;-1.74;2.63;10.0;-999;-11.9;38.10;5;68.1;26.4
1420;19580201;19580228;5;6.40;3.24;6.85;-0.20;2.61;17.8;-999;-8.8;72.20;5;74.7;16.3
1420;19580301;19580331;5;4.87;1.31;5.86;-3.16;2.11;18.2;-999;-12.7;156.20;5;25.2;7.8
1420;19580401;19580430;5;4.97;7.04;12.35;1.46;2.61;18.6;-999;-6.8;191.20;5;20.8;10.0
1420;19580501;19580531;5;5.74;14.67;20.04;8.99;1.90;27.0;-999;0.3;195.50;5;99.5;12.5
1420;19580601;19580630;5;5.35;15.75;20.72;10.34;2.10;29.1;-999;5.0;193.80;5;87.2;18.2
1420;19580701;19580731;5;4.74;18.12;23.88;12.64;2.22;28.9;-999;7.6;246.20;5;57.2;17.4
1420;19580801;19580831;5;5.36;18.24;23.79;13.64;2.29;30.2;-999;8.0;220.20;5;170.2;35.0
1420;19580901;19580930;5;4.46;15.37;20.83;10.55;1.99;28.1;-999;4.8;176.50;5;42.7;13.9
1420;19581001;19581031;5;6.45;9.23;13.40;5.27;1.75;19.2;-999;-2.8;75.20;5;48.0;11.7
1420;19581101;19581130;5;7.50;5.64;7.38;3.79;1.83;12.9;-999;-1.7;11.00;5;31.0;9.3
1420;19581201;19581231;5;6.67;3.22;5.89;0.24;2.45;10.6;-999;-9.1;38.20;5;71.9;10.1
1420;19590101;19590131;5;6.00;0.73;4.02;-2.53;2.55;13.5;-999;-10.4;54.90;5;42.1;10.5
1420;19590201;19590228;5;4.09;-0.10;4.75;-3.71;1.70;13.2;-999;-9.3;102.30;5;2.4;1.1
1420;19590301;19590331;5;5.35;7.33;13.11;2.11;1.66;20.1;-999;-3.7;147.30;5;40.1;9.5
1420;19590401;19590430;5;5.17;10.79;17.05;4.13;2.09;26.5;-999;-4.6;180.50;5;52.9;10.8
1420;19590501;19590531;5;4.62;14.66;20.23;9.40;2.32;27.5;-999;2.8;257.20;5;14.2;7.3
1420;19590601;19590630;5;4.58;18.09;23.71;11.98;2.09;30.2;-999;5.4;272.30;5;98.9;53.6
1420;19590701;19590731;5;3.71;21.70;27.56;15.20;2.24;35.1;-999;9.6;318.00;5;62.0;15.0
1420;19590801;19590831;5;4.09;18.94;24.55;13.30;1.96;30.5;-999;4.5;240.10;5;18.6;8.7
1420;19590901;19590930;5;2.32;15.48;22.93;8.64;2.17;28.8;-999;2.8;275.60;5;3.6;3.6
1420;19591001;19591031;5;3.63;9.22;16.38;3.32;2.15;23.0;-999;-1.5;180.30;5;52.9;24.7
1420;19591101;19591130;5;6.77;4.20;6.90;1.22;1.43;11.1;-999;-3.1;39.30;5;30.7;7.3
1420;19591201;19591231;5;6.90;4.23;6.20;1.37;2.42;12.0;-999;-6.3;17.90;5;56.0;8.7
1420;19600101;19600131;5;6.64;0.73;3.42;-2.69;2.43;10.5;-999;-18.6;41.60;5;49.8;6.9
1420;19600201;19600229;5;5.72;2.06;5.75;-1.28;2.04;16.5;-999;-11.0;63.20;5;47.0;12.4
1420;19600301;19600331;5;5.75;6.64;11.23;2.79;2.53;18.5;-999;-3.0;120.50;5;20.3;8.3
1420;19600401;19600430;5;5.00;9.55;15.40;4.24;2.53;23.0;-999;-1.8;191.40;5;24.8;5.1
1420;19600501;19600531;5;4.89;14.60;20.39;7.32;2.03;26.7;-999;-2.8;242.10;5;69.7;14.0
1420;19600601;19600630;5;4.96;18.21;23.99;11.34;2.49;30.4;-999;5.8;245.30;5;20.1;9.0
1420;19600701;19600731;5;5.85;16.71;22.04;11.58;2.52;28.9;-999;5.4;188.30;5;102.8;20.0
1420;19600801;19600831;5;6.35;16.86;22.18;12.05;2.08;28.4;-999;5.8;146.10;5;115.9;39.4
1420;19600901;19600930;5;4.93;13.04;18.90;8.11;1.94;24.2;-999;-0.1;162.50;5;27.1;7.8
1420;19601001;19601031;5;6.60;9.89;13.68;6.30;2.30;21.1;-999;0.0;63.30;5;123.9;16.8
1420;19601101;19601130;5;6.70;7.08;10.09;3.62;2.57;15.4;-999;-3.5;59.90;5;73.2;9.7
1420;19601201;19601231;5;7.21;1.83;3.88;-0.60;2.07;11.1;-999;-8.2;17.70;5;67.3;12.3
1420;19610101;19610131;5;6.15;0.46;2.76;-2.34;2.63;10.5;-999;-12.7;47.80;5;65.0;12.9
1420;19610201;19610228;5;6.50;5.25;8.97;1.87;2.51;16.2;-999;-2.2;66.60;5;35.2;7.9
1420;19610301;19610331;5;4.77;6.75;13.18;1.37;2.35;20.7;-999;-4.3;163.80;5;10.2;4.8
1420;19610401;19610430;5;6.43;11.86;16.68;7.18;2.00;26.1;-999;3.3;98.70;5;64.6;12.0
1420;19610501;19610531;5;5.35;11.82;16.90;6.90;2.38;23.9;-999;0.4;175.80;5;71.2;11.4
1420;19610601;19610630;5;5.10;16.78;22.52;11.04;2.17;31.5;-999;6.1;223.10;5;181.5;55.3
1420;19610701;19610731;5;5.27;16.25;21.80;10.55;2.41;32.7;-999;3.7;192.00;5;122.2;29.0
1420;19610801;19610831;5;5.31;17.42;23.11;12.16;2.34;30.6;-999;7.6;210.40;5;54.7;17.6
1420;19610901;19610930;5;4.28;17.40;24.11;12.11;1.55;30.4;-999;5.8;190.10;5;43.5;9.8
1420;19611001;19611031;5;5.50;11.01;15.70;7.20;2.11;22.7;-999;-0.6;106.20;5;61.9;14.5
1420;19611101;19611130;5;6.27;4.00;6.85;0.83;2.20;14.0;-999;-7.5;43.20;5;91.0;19.8
1420;19611201;19611231;5;5.39;0.43;3.64;-3.41;2.21;15.6;-999;-15.0;57.50;5;44.0;8.5
1420;19620101;19620131;5;6.05;2.78;5.62;-0.05;3.17;11.2;-999;-10.9;54.00;5;45.7;17.9
1420;19620201;19620228;5;6.28;1.48;4.59;-1.87;3.04;9.7;-999;-13.4;88.90;5;58.3;25.1
1420;19620301;19620331;5;5.20;1.59;5.88;-2.71;2.31;13.3;-999;-9.0;140.40;5;64.2;22.5
1420;19620401;19620430;5;5.43;9.77;14.84;4.85;2.88;27.0;-999;-2.3;157.20;5;50.9;17.3
1420;19620501;19620531;5;5.88;11.30;15.86;5.76;2.35;25.7;-999;-0.9;176.60;5;62.6;16.7
1420;19620601;19620630;5;4.42;16.55;22.22;8.92;2.39;29.9;-999;0.2;286.50;5;9.0;3.4
1420;19620701;19620731;5;5.19;16.99;22.66;11.30;2.40;31.8;-999;3.7;211.20;5;29.1;7.6
1420;19620801;19620831;5;4.96;17.90;24.40;11.07;2.37;33.8;-999;5.0;242.90;5;56.0;12.8
1420;19620901;19620930;5;5.31;13.65;19.77;7.78;2.10;30.9;-999;1.0;176.70;5;34.8;12.3
1420;19621001;19621031;5;3.69;9.16;15.82;3.98;1.69;26.5;-999;-2.1;160.60;5;16.3;5.6
1420;19621101;19621130;5;6.74;2.73;5.65;-0.25;1.70;16.5;-999;-6.4;43.90;5;39.6;8.6
1420;19621201;19621231;5;5.36;-2.99;0.42;-6.07;2.39;10.3;-999;-17.0;64.50;5;71.8;13.8
1420;19630101;19630131;5;5.16;-6.11;-3.29;-9.43;2.53;3.5;-999;-17.7;70.50;5;18.4;4.7
1420;19630201;19630228;5;4.63;-4.26;-0.57;-8.29;2.00;4.3;-999;-15.8;102.30;5;22.5;6.8
1420;19630301;19630331;5;5.69;3.53;8.62;-1.16;2.07;13.2;-999;-13.0;107.80;5;90.9;26.5
1420;19630401;19630430;5;5.50;9.97;15.64;4.35;2.02;21.3;-999;-4.1;155.70;5;22.1;5.9
1420;19630501;19630531;5;5.56;13.55;18.93;7.25;2.37;26.9;-999;-0.4;202.20;5;37.7;13.7
1420;19630601;19630630;5;5.45;16.83;22.44;10.79;2.17;26.1;-999;6.1;190.30;5;62.8;22.9
1420;19630701;19630731;5;4.26;19.78;25.82;12.76;2.08;32.8;-999;8.0;269.00;5;56.3;49.3
1420;19630801;19630831;5;5.79;17.09;22.48;12.27;2.46;35.7;-999;4.7;165.80;5;134.1;27.2
1420;19630901;19630930;5;4.61;15.03;20.50;9.64;2.12;26.2;-999;2.6;156.20;5;46.2;13.0
1420;19631001;19631031;5;5.48;7.98;12.63;3.52;1.90;17.9;-999;-1.9;102.90;5;44.8;22.5
1420;19631101;19631130;5;6.57;7.87;11.30;4.03;2.60;17.1;-999;-0.8;38.80;5;79.6;21.4
1420;19631201;19631231;5;5.37;-2.82;-0.17;-6.27;1.79;7.0;-999;-16.4;61.50;5;7.5;2.8
1420;19640101;19640131;5;6.22;-2.48;-0.23;-5.10;1.89;4.6;-999;-14.4;48.50;5;21.3;6.7
1420;19640201;19640229;5;5.48;2.19;5.55;-0.95;2.41;11.0;-999;-9.2;90.40;5;22.8;9.5
1420;19640301;19640331;5;5.73;2.54;6.42;-0.79;2.25;14.6;-999;-8.1;84.20;5;47.7;12.9
1420;19640401;19640430;5;5.38;9.91;15.45;4.15;2.59;26.0;-999;-1.3;165.70;5;41.5;14.9
1420;19640501;19640531;5;4.94;15.31;21.36;7.76;2.03;28.6;-999;0.0;242.00;5;27.0;16.8
1420;19640601;19640630;5;4.14;18.78;25.09;11.09;2.38;32.7;-999;3.4;300.40;5;23.7;10.4
1420;19640701;19640731;5;3.90;20.63;27.10;12.80;2.21;35.2;-999;3.1;293.90;5;14.0;3.0
1420;19640801;19640831;5;4.59;18.08;24.18;11.78;2.20;35.0;-999;4.1;188.60;5;24.6;8.3
1420;19640901;19640930;5;3.90;14.73;21.29;8.97;2.29;29.2;-999;0.6;194.30;5;33.9;14.4
1420;19641001;19641031;5;4.95;7.99;12.47;3.74;2.34;21.7;-999;-2.6;99.00;5;53.8;15.8
1420;19641101;19641130;5;6.48;6.09;8.60;3.60;2.57;14.1;-999;-2.3;36.30;5;131.6;32.0
1420;19641201;19641231;5;6.43;1.23;3.32;-1.80;2.48;10.4;-999;-12.2;34.90;5;18.3;3.1
1420;19650101;19650131;5;6.94;2.32;4.30;0.15;2.68;10.7;-999;-5.6;30.80;5;99.1;15.7
1420;19650201;19650228;5;5.99;-0.09;2.39;-3.08;2.48;6.0;-999;-11.1;83.80;5;16.4;3.1
1420;19650301;19650331;5;5.49;4.30;8.70;0.18;2.22;19.3;-999;-9.1;113.70;5;68.1;12.3
1420;19650401;19650430;5;5.61;8.07;12.99;3.19;2.20;20.0;-999;-2.4;122.40;5;109.8;13.7
1420;19650501;19650531;5;5.33;13.13;18.12;7.49;2.42;27.6;-999;0.1;173.90;5;83.0;23.3
1420;19650601;19650630;5;5.56;17.18;21.96;11.75;2.26;31.2;-999;6.1;201.60;5;141.8;43.6
1420;19650701;19650731;5;6.41;16.52;21.56;12.39;2.59;30.9;-999;8.0;151.80;5;120.6;18.2
1420;19650801;19650831;5;4.94;16.17;22.17;10.37;1.90;28.5;-999;5.0;201.70;5;60.0;26.2
1420;19650901;19650930;5;5.07;13.08;18.39;8.78;1.93;24.7;-999;3.2;134.10;5;97.8;40.1
1420;19651001;19651031;5;3.65;8.25;13.94;3.05;1.57;20.6;-999;-2.6;165.70;5;6.3;2.7
1420;19651101;19651130;5;6.25;2.85;5.83;-0.25;2.51;14.8;-999;-10.4;42.00;5;133.2;26.9
1420;19651201;19651231;5;6.69;4.00;6.31;1.18;3.01;13.1;-999;-4.6;16.80;5;121.0;16.7
1420;19660101;19660131;5;5.71;-1.45;1.48;-4.99;2.13;12.7;-999;-17.2;57.20;5;24.8;9.1
1420;19660201;19660228;5;6.65;6.33;9.73;2.97;2.49;15.0;-999;-2.8;48.80;5;49.7;8.7
1420;19660301;19660331;5;5.20;4.50;9.34;0.02;2.61;14.2;-999;-6.1;109.70;5;37.0;7.7
1420;19660401;19660430;5;5.69;10.70;15.83;5.48;1.94;22.5;-999;-2.1;124.10;5;103.1;24.8
1420;19660501;19660531;5;4.50;14.75;20.38;8.21;2.33;28.0;-999;1.9;257.60;5;38.3;8.8
1420;19660601;19660630;5;4.68;17.93;23.67;12.15;2.35;31.9;-999;4.6;207.50;5;112.3;30.3
1420;19660701;19660731;5;5.76;16.50;21.25;11.89;2.00;28.2;-999;6.0;169.30;5;86.8;17.1
1420;19660801;19660831;5;5.22;17.15;22.32;12.07;2.35;33.7;-999;5.3;201.40;5;142.8;75.9
1420;19660901;19660930;5;3.92;14.76;20.56;9.17;2.00;28.0;-999;2.7;199.30;5;23.9;8.2
1420;19661001;19661031;5;5.90;11.93;16.24;8.35;2.01;26.4;-999;-2.0;82.10;5;83.2;29.1
1420;19661101;19661130;5;6.62;2.65;5.27;-0.12;2.24;14.7;-999;-6.5;34.10;5;86.6;16.6
1420;19661201;19661231;5;6.54;3.25;6.02;0.14;2.86;11.0;-999;-5.4;24.90;5;108.5;21.6
1420;19670101;19670131;5;5.92;1.90;4.65;-1.36;2.17;12.8;-999;-14.2;49.20;5;17.5;5.7
1420;19670201;19670228;5;5.06;4.06;8.42;-0.37;2.65;14.4;-999;-8.8;102.40;5;48.9;11.2
1420;19670301;19670331;5;5.27;6.52;11.02;2.52;2.82;15.8;-999;-2.3;137.00;5;38.4;12.9
1420;19670401;19670430;5;4.62;8.58;13.60;2.21;2.46;21.2;-999;-5.1;199.80;5;47.1;18.7
1420;19670501;19670531;5;5.33;13.95;19.81;7.67;2.15;28.1;-999;-2.7;211.10;5;78.5;15.2
1420;19670601;19670630;5;5.17;16.57;21.48;10.40;2.09;32.4;-999;2.7;208.20;5;43.8;13.7
1420;19670701;19670731;5;3.79;20.57;26.95;13.51;1.72;32.9;-999;5.7;266.60;5;91.6;42.9
1420;19670801;19670831;5;4.85;17.76;23.46;12.07;1.82;30.3;-999;5.4;208.50;5;77.1;24.3
1420;19670901;19670930;5;5.36;14.45;19.73;9.67;1.83;25.8;-999;4.1;139.80;5;89.9;44.0
1420;19671001;19671031;5;5.29;11.83;16.34;7.59;2.43;21.9;-999;-2.3;109.60;5;84.4;25.4
1420;19671101;19671130;5;5.43;3.79;7.30;0.18;2.05;12.5;-999;-5.8;58.40;5;50.7;9.8
1420;19671201;19671231;5;6.73;0.80;2.86;-1.80;2.49;11.2;-999;-12.0;26.40;5;58.0;19.1
1420;19680101;19680131;5;6.21;0.00;2.53;-3.55;2.55;11.5;-999;-21.6;41.00;5;53.9;17.8
1420;19680201;19680229;5;6.04;2.00;5.12;-1.21;1.79;9.3;-999;-8.2;49.10;5;57.5;12.6
1420;19680301;19680331;5;4.99;5.50;10.92;0.26;2.60;24.7;-999;-6.6;128.10;5;36.9;10.3
1420;19680401;19680430;5;4.17;10.32;16.26;3.98;2.16;29.8;-999;-5.1;238.50;5;73.2;22.3
1420;19680501;19680531;5;5.41;12.55;17.38;6.93;2.37;24.7;-999;-1.0;178.20;5;42.0;8.7
1420;19680601;19680630;5;5.05;17.04;22.16;11.23;2.32;28.6;-999;3.6;223.10;5;55.3;14.3
1420;19680701;19680731;5;4.82;18.05;23.12;11.74;2.36;31.7;-999;7.2;217.90;5;68.9;12.2
1420;19680801;19680831;5;5.66;17.19;21.74;12.56;2.01;26.4;-999;6.7;133.30;5;189.4;28.2
1420;19680901;19680930;5;5.40;14.50;19.02;10.05;2.03;24.8;-999;5.7;122.20;5;89.1;14.3
1420;19681001;19681031;5;6.15;10.81;14.61;7.26;1.96;21.5;-999;-0.9;80.40;5;39.8;10.5
1420;19681101;19681130;5;6.56;3.88;6.49;1.31;1.84;18.8;-999;-3.3;34.80;5;19.3;4.4
1420;19681201;19681231;5;5.95;-0.64;1.32;-3.29;1.89;7.9;-999;-14.4;37.80;5;32.9;10.5
1420;19690101;19690131;5;6.79;1.94;4.11;-0.71;1.91;9.2;-999;-6.4;10.50;5;25.9;3.5
1420;19690201;19690228;5;5.51;-1.13;1.81;-4.53;2.11;10.6;-999;-17.4;65.30;5;38.0;8.0
1420;19690301;19690331;5;5.62;3.72;7.79;0.04;2.52;15.5;-999;-4.1;97.80;5;62.1;12.6
1420;19690401;19690430;5;4.78;8.59;13.60;4.14;2.67;22.6;-999;-4.4;151.60;5;62.5;11.5
1420;19690501;19690531;5;5.04;14.36;19.73;8.94;2.27;30.1;-999;2.1;199.80;5;86.8;19.3
1420;19690601;19690630;5;5.33;15.93;20.59;10.57;2.34;27.8;-999;3.6;193.90;5;67.9;14.2
1420;19690701;19690731;5;4.27;20.32;26.16;14.13;1.98;33.9;-999;7.9;231.00;5;31.7;8.4
1420;19690801;19690831;5;4.82;17.83;23.52;13.09;2.20;30.6;-999;7.1;202.90;5;106.4;26.1
1420;19690901;19690930;5;3.80;14.91;20.52;9.20;1.90;27.2;-999;1.1;179.70;5;9.6;6.8
1420;19691001;19691031;5;5.50;9.52;14.25;5.58;1.73;21.2;-999;-2.8;71.80;5;8.2;6.3
1420;19691101;19691130;5;5.87;5.85;8.97;2.47;3.03;15.6;-999;-4.1;44.10;5;58.3;13.3
1420;19691201;19691231;5;6.73;-3.04;-0.97;-5.61;2.08;3.6;-999;-16.5;20.70;5;23.0;8.8
1420;19700101;19700131;5;7.04;-0.91;0.83;-3.33;1.84;7.1;-999;-9.7;11.40;5;57.9;10.7
1420;19700201;19700228;5;6.13;0.75;3.86;-2.66;2.84;9.7;-999;-14.4;46.80;5;87.2;15.9
1420;19700301;19700331;5;5.26;3.19;7.15;-0.46;2.89;14.6;-999;-7.2;99.10;5;30.6;7.0
1420;19700401;19700430;5;5.98;7.28;11.35;3.14;2.70;22.9;-999;-4.7;98.80;5;69.4;14.0
1420;19700501;19700531;5;5.50;13.31;18.07;7.48;2.26;24.9;-999;-1.0;173.30;5;54.7;10.5
1420;19700601;19700630;5;3.89;18.70;24.44;11.99;2.10;30.6;-999;5.5;251.30;5;58.2;15.8
1420;19700701;19700731;5;5.15;17.30;22.04;11.88;2.51;29.2;-999;5.4;192.20;5;103.3;19.7
1420;19700801;19700831;5;4.42;18.55;24.32;12.81;1.82;30.8;-999;5.6;196.80;5;31.4;11.1
1420;19700901;19700930;5;4.18;14.57;20.72;8.99;2.27;26.0;-999;2.3;178.20;5;57.8;12.8
1420;19701001;19701031;5;5.90;10.37;14.05;6.84;2.68;23.6;-999;-2.2;82.70;5;34.2;11.6
1420;19701101;19701130;5;5.78;6.29;9.12;2.96;2.60;15.7;-999;-3.1;38.50;5;34.3;7.5
1420;19701201;19701231;5;6.38;0.91;2.93;-1.76;2.20;11.1;-999;-13.4;38.00;5;49.5;16.5
1420;19710101;19710131;5;5.60;-0.90;2.17;-4.67;1.90;10.0;21.0;-14.7;31.80;5;31.6;7.2
1420;19710201;19710228;5;6.37;2.72;5.54;-0.87;2.31;9.3;17.5;-10.4;44.00;5;10.6;3.7
1420;19710301;19710331;5;5.35;2.60;6.87;-1.91;2.42;13.5;19.0;-13.0;100.60;5;15.5;6.6
1420;19710401;19710430;5;3.56;10.69;17.18;3.61;2.17;25.8;16.0;-3.1;225.40;5;30.0;12.0
1420;19710501;19710531;5;5.41;16.06;21.50;10.08;2.05;28.9;14.0;3.4;197.00;5;71.0;29.5
1420;19710601;19710630;5;5.82;15.18;19.90;10.46;2.39;26.0;19.5;5.6;147.20;5;103.5;10.9
1420;19710701;19710731;5;3.49;20.12;26.27;12.52;2.16;34.6;17.0;5.2;310.30;5;17.5;6.2
1420;19710801;19710831;5;4.32;19.16;25.56;12.88;2.35;33.9;27.0;6.6;237.50;5;57.8;24.9
1420;19710901;19710930;5;4.41;13.76;19.51;7.63;1.73;26.0;10.5;1.6;182.20;5;15.0;6.1
1420;19711001;19711031;5;3.75;9.24;15.33;4.05;1.97;21.4;16.0;-2.4;162.00;5;16.9;9.2
1420;19711101;19711130;5;6.25;4.30;7.16;0.77;2.56;13.7;21.0;-8.0;45.10;5;67.4;27.4
1420;19711201;19711231;5;6.79;3.86;5.96;1.12;2.26;13.3;12.0;-7.3;25.60;5;13.1;10.2
1420;19720101;19720131;5;6.30;-0.59;1.55;-3.05;1.89;7.0;15.5;-13.6;46.80;5;21.4;6.6
1420;19720201;19720229;5;6.09;3.48;6.69;-0.42;1.84;11.3;10.0;-13.0;41.50;5;7.6;6.3
1420;19720301;19720331;5;4.05;6.78;12.69;0.75;2.36;20.1;23.0;-5.6;183.70;5;25.4;7.6
1420;19720401;19720430;5;5.28;9.10;13.38;4.61;2.96;22.7;17.0;-4.1;133.50;5;55.3;8.8
1420;19720501;19720531;5;6.15;12.77;17.37;7.98;2.67;24.7;23.0;3.4;148.80;5;65.7;16.3
1420;19720601;19720630;5;5.63;15.60;20.37;9.79;2.19;28.7;14.5;3.8;195.20;5;113.0;36.6
1420;19720701;19720731;5;5.17;19.53;24.56;13.90;2.02;32.3;13.0;8.9;188.40;5;57.1;37.1
1420;19720801;19720831;5;5.07;17.59;22.55;12.37;2.28;30.2;16.5;5.5;189.90;5;64.3;13.8
1420;19720901;19720930;5;4.22;12.24;17.68;6.64;1.99;25.0;14.0;0.7;160.30;5;24.7;12.1
1420;19721001;19721031;5;3.46;7.79;13.56;2.49;1.93;19.6;12.0;-5.2;179.80;5;26.9;11.3
1420;19721101;19721130;5;6.51;4.40;6.80;1.57;2.41;14.0;25.0;-5.0;40.00;5;87.7;30.6
1420;19721201;19721231;5;4.77;0.51;3.58;-2.59;2.02;9.9;17.0;-11.7;61.70;5;10.7;5.6
1420;19730101;19730131;5;6.52;0.65;2.76;-2.16;1.59;7.1;10.5;-14.2;29.90;5;21.0;6.6
1420;19730201;19730228;5;5.53;1.89;5.19;-1.31;2.55;7.9;19.5;-6.7;78.70;5;12.6;2.7
1420;19730301;19730331;5;4.57;5.55;10.75;0.31;2.27;19.4;14.5;-7.4;148.30;5;6.6;3.5
1420;19730401;19730430;5;5.77;7.21;11.67;1.83;2.69;21.2;20.5;-4.7;122.20;5;22.6;5.2
1420;19730501;19730531;5;5.22;14.17;19.56;8.09;2.41;26.8;22.5;-0.2;226.20;5;80.9;28.2
1420;19730601;19730630;5;4.61;18.39;23.89;11.60;2.48;32.5;15.5;2.8;235.40;5;22.4;9.7
1420;19730701;19730731;5;4.98;19.08;24.38;13.84;2.45;32.5;19.0;7.4;203.10;5;72.0;14.0
1420;19730801;19730831;5;3.46;20.22;26.57;13.68;2.16;31.4;15.8;7.6;265.50;5;40.1;21.2
1420;19730901;19730930;5;3.94;16.05;21.95;9.90;2.20;31.7;15.6;3.6;187.00;5;25.7;12.0
1420;19731001;19731031;5;4.93;8.58;13.03;4.32;2.24;21.2;23.1;-3.8;125.00;5;78.4;27.0
1420;19731101;19731130;5;5.67;4.23;7.52;0.62;2.78;12.9;20.4;-8.6;59.60;5;42.5;10.3
1420;19731201;19731231;5;6.28;0.92;3.36;-2.16;2.59;9.4;23.0;-15.8;38.10;5;42.0;7.0
1420;19740101;19740131;5;6.57;4.50;6.94;1.53;2.10;13.0;22.4;-3.3;30.90;5;38.4;7.1
1420;19740201;19740228;5;5.89;4.50;7.81;0.89;2.55;15.3;19.5;-3.5;60.60;5;43.8;17.2
1420;19740301;19740331;5;5.63;7.39;11.21;3.14;2.33;20.6;18.9;-4.3;87.30;5;51.3;11.5
1420;19740401;19740430;5;3.85;10.51;16.16;4.16;2.39;22.8;18.6;-1.4;221.60;5;10.6;4.5
1420;19740501;19740531;5;5.19;12.91;18.01;6.64;2.15;25.3;19.6;-0.4;180.50;5;49.0;9.8
1420;19740601;19740630;5;5.19;16.09;21.15;9.75;2.20;27.4;16.3;3.7;204.70;5;61.1;10.9
1420;19740701;19740731;5;5.36;16.91;21.66;11.56;2.57;29.6;16.9;5.5;198.50;5;69.8;14.8
1420;19740801;19740831;5;4.65;18.71;24.77;12.81;2.31;35.2;17.3;7.8;218.40;5;47.9;10.9
1420;19740901;19740930;5;5.27;14.53;19.92;9.46;2.54;27.6;16.6;2.2;139.80;5;52.2;14.4
1420;19741001;19741031;5;6.83;6.28;9.00;3.63;2.35;11.8;15.1;-1.3;22.10;5;93.5;10.6
1420;19741101;19741130;5;6.13;5.65;8.43;2.15;2.46;16.4;21.1;-3.7;38.50;5;57.7;13.0
1420;19741201;19741231;5;6.45;5.92;7.99;3.26;3.45;14.1;20.1;-3.1;31.50;5;73.9;11.8
1420;19750101;19750131;5;6.31;5.09;7.67;1.56;2.56;12.6;17.0;-4.1;45.50;5;73.7;15.5
1420;19750201;19750228;5;3.27;2.44;7.40;-1.64;1.99;11.7;12.0;-5.9;150.50;5;19.3;9.0
1420;19750301;19750331;5;6.09;4.90;8.88;0.84;2.46;14.5;16.5;-4.2;97.40;5;55.3;14.4
1420;19750401;19750430;5;5.57;8.83;13.04;3.89;2.17;24.2;21.5;-2.9;140.40;5;58.0;17.0
1420;19750501;19750531;5;4.89;13.23;18.67;7.02;2.43;26.3;17.8;0.8;232.40;5;33.0;11.1
1420;19750601;19750630;5;5.01;16.80;21.61;10.52;2.47;29.3;15.8;0.1;205.90;5;74.5;18.0
1420;19750701;19750731;5;4.49;20.28;25.64;14.31;2.25;32.6;14.6;8.7;277.90;5;95.0;64.2
1420;19750801;19750831;5;3.71;20.63;26.50;14.36;2.18;32.5;19.3;10.5;245.80;5;87.9;31.3
1420;19750901;19750930;5;4.78;16.52;21.57;11.35;1.97;27.3;14.2;5.9;143.80;5;54.8;11.8
1420;19751001;19751031;5;6.21;8.25;11.36;5.31;2.16;19.0;15.5;-0.4;74.20;5;20.8;4.4
1420;19751101;19751130;5;6.21;4.11;6.74;0.79;2.18;12.3;18.8;-9.5;48.30;5;47.8;16.8
1420;19751201;19751231;5;6.37;1.61;3.59;-1.25;2.32;10.1;14.4;-12.6;38.60;5;14.7;7.3
1420;19760101;19760131;5;6.52;3.12;5.26;0.19;3.33;10.8;23.8;-15.4;36.20;5;43.7;6.2
1420;19760201;19760229;5;6.16;1.66;4.57;-1.42;1.89;10.5;13.0;-6.4;47.30;5;24.0;8.9
1420;19760301;19760331;5;3.83;3.68;8.46;-1.53;2.25;19.1;14.8;-10.1;174.40;5;21.2;7.4
1420;19760401;19760430;5;3.11;8.95;14.68;2.09;2.49;23.4;16.0;-3.0;244.00;5;28.3;13.4
1420;19760501;19760531;5;4.10;15.02;21.35;7.07;2.31;30.5;15.0;-2.1;261.50;5;16.3;3.2
1420;19760601;19760630;5;3.17;20.81;26.47;12.83;2.36;34.2;16.1;3.6;292.10;5;10.7;9.8
1420;19760701;19760731;5;3.38;22.07;28.25;14.50;2.26;35.8;16.3;7.3;271.40;5;55.4;13.7
1420;19760801;19760831;5;3.92;18.98;24.84;11.97;2.34;29.8;13.4;7.4;240.70;5;11.5;4.8
1420;19760901;19760930;5;5.74;14.33;19.22;9.51;1.92;23.7;13.9;3.6;120.80;5;41.4;8.5
1420;19761001;19761031;5;5.69;10.71;14.96;6.91;1.81;24.0;11.8;-1.0;85.70;5;29.2;8.5
1420;19761101;19761130;5;6.76;5.92;8.02;2.90;2.30;12.5;20.1;-4.1;39.00;5;50.1;10.6
1420;19761201;19761231;5;6.21;-0.12;2.28;-2.89;2.12;11.3;16.8;-15.7;36.10;5;35.8;8.4
1420;19770101;19770131;5;6.82;2.16;4.27;-0.24;2.21;11.3;14.2;-5.4;24.20;5;59.0;10.0
1420;19770201;19770228;5;6.25;4.97;7.99;1.61;2.29;13.5;15.5;-7.0;53.20;5;118.8;22.0
1420;19770301;19770331;5;5.29;7.74;12.68;3.12;2.28;19.3;19.5;-6.1;122.60;5;40.9;17.4
1420;19770401;19770430;5;5.87;7.39;11.84;2.70;2.74;22.3;21.4;-4.8;139.20;5;37.0;10.5
1420;19770501;19770531;5;4.55;13.43;18.57;7.19;2.75;27.0;15.2;1.6;228.10;5;20.3;7.2
1420;19770601;19770630;5;5.85;16.89;21.57;11.86;2.21;31.8;17.0;1.9;138.00;5;61.1;16.1
1420;19770701;19770731;5;4.84;18.66;23.95;12.90;2.33;32.0;16.1;4.6;215.00;5;40.8;18.6
1420;19770801;19770831;5;5.17;17.52;22.25;12.37;1.66;29.2;14.5;8.9;154.90;5;107.8;23.6
1420;19770901;19770930;5;4.95;13.60;18.66;9.05;2.04;26.3;11.3;3.7;136.90;5;14.4;8.9
1420;19771001;19771031;5;6.05;10.75;14.64;7.25;1.68;22.0;14.8;1.7;62.20;5;57.6;16.3
1420;19771101;19771130;5;6.08;6.13;9.00;3.04;3.13;16.8;25.7;-8.9;56.40;5;84.6;17.5
1420;19771201;19771231;5;6.49;2.50;4.38;0.33;2.12;13.6;16.8;-6.6;25.20;5;59.7;15.1
1420;19780101;19780131;5;6.73;2.09;4.30;-0.20;2.52;8.7;20.0;-4.1;46.90;5;32.2;7.7
1420;19780201;19780228;5;6.48;0.59;3.20;-2.20;2.08;14.8;12.8;-11.1;36.50;5;28.4;9.0
1420;19780301;19780331;5;6.33;6.75;10.81;2.94;2.70;19.4;19.0;-4.2;97.20;5;79.8;15.5
1420;19780401;19780430;5;4.19;9.08;14.45;3.51;2.32;20.5;15.0;-4.4;197.90;5;30.4;18.5
1420;19780501;19780531;5;5.51;12.93;17.32;8.63;2.28;26.2;10.4;2.8;145.20;5;157.7;36.4
1420;19780601;19780630;5;5.71;16.43;21.87;10.63;2.35;29.6;13.0;4.8;195.60;5;42.3;11.4
1420;19780701;19780731;5;5.10;17.36;22.50;11.65;2.20;32.1;19.1;4.0;195.90;5;56.1;9.7
1420;19780801;19780831;5;5.09;16.90;22.65;11.36;2.17;30.1;12.3;2.5;191.10;5;21.4;5.1
1420;19780901;19780930;5;5.50;14.22;19.32;9.45;2.85;26.1;19.7;4.0;103.30;5;49.4;13.0
1420;19781001;19781031;5;5.60;9.59;13.83;5.77;1.93;21.8;10.6;-0.6;74.40;5;39.1;30.4
1420;19781101;19781130;5;6.58;3.94;6.36;1.25;1.96;11.8;9.8;-5.8;33.00;5;6.6;4.1
1420;19781201;19781231;5;5.75;2.15;5.00;-0.95;2.60;11.7;22.2;-12.4;51.00;5;103.8;24.2
1420;19790101;19790131;5;5.83;-3.82;-1.42;-7.07;2.35;3.2;14.3;-20.2;44.10;5;26.8;6.0
1420;19790201;19790228;5;6.18;0.39;3.16;-2.43;2.45;7.5;13.9;-7.2;51.10;5;47.9;9.8
1420;19790301;19790331;5;6.37;6.00;9.24;2.59;2.97;13.1;17.8;-4.7;87.80;5;84.3;13.6
1420;19790401;19790430;5;5.80;7.98;12.37;3.37;2.40;21.2;13.7;-2.4;129.40;5;76.2;13.9
1420;19790501;19790531;5;4.55;13.57;19.15;7.29;2.42;31.4;18.3;-1.9;243.70;5;52.4;8.1
1420;19790601;19790630;5;5.00;18.54;23.70;13.18;2.35;31.7;17.3;6.2;218.80;5;56.9;15.9
1420;19790701;19790731;5;5.69;18.06;23.01;12.60;2.49;29.7;14.2;5.2;169.70;5;48.4;12.6
1420;19790801;19790831;5;5.15;16.77;21.97;11.62;2.13;29.9;14.8;3.9;167.40;5;64.1;20.0
1420;19790901;19790930;5;3.98;15.29;20.83;9.45;2.03;29.1;13.8;-0.3;192.60;5;28.2;18.7
1420;19791001;19791031;5;4.82;10.45;15.20;5.95;2.05;23.6;12.8;-0.8;136.80;5;47.2;20.0
1420;19791101;19791130;5;6.29;4.56;7.33;1.58;2.11;13.8;18.8;-3.4;47.70;5;93.4;20.0
1420;19791201;19791231;5;6.28;5.24;7.62;2.53;3.02;13.5;20.9;-4.1;41.60;5;130.1;34.2
1420;19800101;19800131;5;5.65;-0.23;1.97;-2.88;2.49;9.4;20.2;-11.7;55.00;5;35.6;8.5
1420;19800201;19800229;5;4.93;4.28;8.45;0.57;2.34;12.2;16.4;-3.1;91.70;5;50.0;17.1
1420;19800301;19800331;5;6.28;5.94;9.75;2.10;2.51;17.0;18.1;-2.9;80.70;5;56.5;13.2
1420;19800401;19800430;5;4.48;8.24;13.09;2.74;2.56;23.6;22.1;-0.9;158.10;5;48.1;25.8
1420;19800501;19800531;5;4.28;12.93;18.22;6.63;2.73;23.5;14.2;1.8;246.50;5;68.8;36.4
1420;19800601;19800630;5;5.70;15.88;20.29;11.43;2.64;29.0;16.1;7.8;177.50;5;96.0;21.0
1420;19800701;19800731;5;5.67;16.26;20.30;12.11;2.57;28.9;14.3;6.9;130.50;5;143.7;26.9
1420;19800801;19800831;5;5.12;18.37;23.71;13.10;2.28;31.4;16.5;4.6;177.60;5;46.3;12.0
1420;19800901;19800930;5;4.24;15.32;20.58;10.68;2.04;26.1;15.6;6.3;149.80;5;38.8;14.5
1420;19801001;19801031;5;5.57;8.68;12.71;4.85;2.33;17.6;18.9;-1.2;93.10;5;46.6;8.6
1420;19801101;19801130;5;5.86;3.77;6.56;1.23;2.76;13.6;17.0;-4.2;67.00;5;42.5;12.2
1420;19801201;19801231;5;6.27;1.29;3.78;-1.45;2.75;12.2;16.8;-11.7;45.70;5;40.5;10.0
1420;19810101;19810131;10;5.48;-0.81;1.82;-3.55;2.55;9.6;22.8;-10.7;57.40;10;51.0;8.3
1420;19810201;19810228;10;5.31;0.58;3.64;-2.71;2.45;11.4;17.2;-8.9;73.00;10;13.2;6.3
1420;19810301;19810331;10;6.25;8.61;12.63;4.32;2.63;19.8;18.6;-2.6;79.20;10;108.3;18.0
1420;19810401;19810430;10;4.56;10.17;15.19;4.78;2.40;24.5;13.9;-1.8;191.10;10;76.4;31.0
1420;19810501;19810531;10;5.51;14.22;19.05;8.15;2.06;28.6;14.3;-0.4;187.70;10;63.3;11.0
1420;19810601;19810630;10;5.73;16.90;21.65;11.83;2.53;30.7;16.9;7.5;176.70;10;142.4;42.5
1420;19810701;19810731;10;5.48;17.97;22.15;13.28;2.28;30.9;18.0;9.1;158.60;10;53.3;14.6
1420;19810801;19810831;10;4.41;18.15;23.09;13.15;1.92;30.6;14.3;6.2;184.70;10;182.4;109.7
1420;19810901;19810930;10;4.60;15.51;20.57;10.82;2.04;25.3;14.1;4.4;155.80;10;46.8;16.9
1420;19811001;19811031;10;6.09;9.06;12.17;5.68;2.48;18.9;24.8;-0.5;64.20;10;99.9;22.5
1420;19811101;19811130;10;5.94;5.88;8.74;2.75;2.75;15.2;18.0;-6.0;62.60;10;46.8;13.1
1420;19811201;19811231;10;6.62;-0.39;1.80;-2.85;2.47;9.7;22.3;-10.2;31.60;10;97.9;16.6
1420;19820101;19820131;10;5.97;-1.58;1.11;-4.53;2.16;11.1;18.8;-19.1;55.50;10;66.6;19.4
1420;19820201;19820228;10;4.00;0.85;4.89;-2.96;1.82;10.7;9.9;-8.4;100.90;10;11.7;4.0
1420;19820301;19820331;10;4.59;5.68;10.26;0.95;2.61;19.0;21.0;-3.6;131.30;10;45.0;16.9
1420;19820401;19820430;10;3.82;8.62;13.78;2.86;2.58;21.0;16.4;-1.6;212.40;10;36.5;14.3
1420;19820501;19820531;10;4.17;13.80;19.58;7.27;2.26;28.2;16.9;-1.2;247.40;10;69.8;33.3
1420;19820601;19820630;10;4.60;18.21;23.95;12.49;2.39;33.8;17.6;6.5;226.70;10;35.3;8.8
1420;19820701;19820731;10;4.26;21.06;26.69;15.18;2.33;32.0;12.0;9.9;231.60;10;33.6;10.7
1420;19820801;19820831;10;4.84;18.85;24.37;13.64;2.19;32.0;14.9;8.3;196.50;10;28.2;6.1
1420;19820901;19820930;10;3.36;17.27;24.24;11.52;1.74;29.6;16.6;5.2;207.10;10;34.1;13.5
1420;19821001;19821031;10;6.49;10.30;13.09;7.85;2.05;18.1;16.9;1.5;28.60;10;128.5;27.8
1420;19821101;19821130;10;5.75;6.85;9.86;3.91;2.27;15.9;14.5;-2.6;61.40;10;42.2;10.8
1420;19821201;19821231;10;6.45;3.21;5.42;0.79;2.55;12.5;23.4;-5.3;26.20;10;76.5;16.7
1420;19830101;19830131;10;6.61;4.67;7.01;2.28;3.30;13.2;22.9;-5.2;28.70;10;65.1;16.3
1420;19830201;19830228;10;4.59;-0.04;3.08;-3.16;2.58;10.5;21.1;-9.4;92.70;10;55.0;14.8
1420;19830301;19830331;10;5.50;6.05;10.00;2.30;2.38;15.9;23.1;-3.3;100.40;10;43.6;6.4
1420;19830401;19830430;10;5.99;10.20;14.68;5.58;2.43;22.3;15.5;-2.9;135.40;10;104.8;14.8
1420;19830501;19830531;10;6.49;11.84;15.73;8.28;2.26;24.4;16.8;4.9;105.90;10;138.2;21.8
1420;19830601;19830630;10;4.74;18.23;23.46;12.40;2.16;28.9;14.1;6.5;233.30;10;63.3;26.8
1420;19830701;19830731;10;3.47;22.64;28.58;15.94;1.86;35.5;17.1;8.8;289.10;10;33.3;15.2
1420;19830801;19830831;10;3.15;20.65;26.52;14.72;2.25;31.5;17.7;7.8;245.60;10;13.3;6.1
1420;19830901;19830930;10;4.68;14.99;20.53;10.10;2.50;25.9;19.5;2.9;167.20;10;79.2;19.1
1420;19831001;19831031;10;4.73;9.94;14.49;5.94;2.39;24.5;18.3;-1.4;113.80;10;29.5;6.4
1420;19831101;19831130;10;5.92;3.72;6.75;0.95;1.88;16.0;22.8;-8.2;47.50;10;37.8;16.0
1420;19831201;19831231;10;5.39;1.69;4.20;-1.45;2.17;14.3;13.9;-8.9;50.80;10;37.4;8.6
1420;19840101;19840131;10;6.36;2.47;4.71;0.20;3.18;12.1;21.9;-6.3;30.40;10;59.1;8.0
1420;19840201;19840229;10;5.12;1.79;4.78;-1.28;2.59;10.1;19.5;-9.3;77.00;10;77.2;21.2
1420;19840301;19840331;10;3.80;4.01;8.91;-0.60;2.16;13.8;19.5;-6.5;153.80;10;21.2;6.7
1420;19840401;19840430;10;4.30;8.26;13.28;2.47;2.05;24.1;13.9;-1.4;181.60;10;37.5;22.2
1420;19840501;19840531;10;6.13;11.55;16.09;7.41;2.30;25.4;18.1;0.5;115.20;10;122.5;26.8
1420;19840601;19840630;10;4.96;15.51;20.50;10.07;2.45;29.8;16.7;5.6;212.10;10;34.9;5.9
1420;19840701;19840731;10;4.72;18.25;23.38;12.56;2.23;36.6;25.0;2.8;217.10;10;55.3;23.4
1420;19840801;19840831;10;4.27;18.78;24.34;13.51;1.95;30.6;20.1;8.4;195.10;10;38.2;12.6
1420;19840901;19840930;10;6.38;13.67;17.39;10.91;2.35;27.8;17.2;5.2;74.50;10;95.1;15.2
1420;19841001;19841031;10;5.58;11.11;14.89;7.69;2.25;20.2;24.5;0.7;91.30;10;40.3;7.6
1420;19841101;19841130;10;5.70;5.77;8.61;3.09;2.01;15.3;23.0;-2.7;43.20;10;52.0;23.2
1420;19841201;19841231;10;6.68;2.54;4.40;0.44;1.73;8.7;12.8;-7.4;29.70;10;45.6;14.1
1420;19850101;19850131;10;6.28;-3.59;-0.86;-6.66;2.18;10.1;18.3;-15.8;40.10;10;31.2;6.2
1420;19850201;19850228;10;3.87;-2.33;2.54;-6.72;2.16;12.4;15.7;-18.5;137.60;10;11.9;6.7
1420;19850301;19850331;10;5.83;4.78;8.05;1.10;2.42;14.2;21.8;-3.1;75.00;10;36.8;5.9
1420;19850401;19850430;10;5.09;9.63;14.59;4.44;3.05;23.7;20.9;-1.6;171.80;10;33.1;6.3
1420;19850501;19850531;10;4.95;14.97;20.37;9.43;2.54;28.5;17.0;0.1;189.20;10;64.2;23.6
1420;19850601;19850630;10;5.55;14.95;19.54;9.95;2.51;29.1;21.5;4.3;164.30;10;89.9;12.9
1420;19850701;19850731;10;4.16;19.15;24.77;12.87;2.34;32.5;25.0;8.5;259.20;10;58.2;17.5
1420;19850801;19850831;10;4.60;17.75;23.63;12.26;2.32;33.2;22.5;7.4;212.70;10;29.3;5.4
1420;19850901;19850930;10;3.99;15.52;21.42;10.24;2.36;29.1;16.3;2.2;189.40;10;24.2;15.9
1420;19851001;19851031;10;4.07;9.75;15.35;5.08;2.01;28.0;16.8;-4.3;157.90;10;15.8;7.8
1420;19851101;19851130;10;6.06;1.57;4.49;-1.60;2.55;16.5;20.1;-6.4;47.60;10;43.8;8.5
1420;19851201;19851231;10;6.27;4.43;7.09;1.72;2.58;13.8;21.9;-10.2;39.40;10;28.5;4.1
1420;19860101;19860131;10;6.32;1.98;4.55;-1.06;3.15;10.4;29.6;-11.9;35.00;10;59.7;16.6
1420;19860201;19860228;10;4.38;-4.10;-0.60;-7.48;2.67;5.3;14.7;-15.4;108.10;10;3.6;2.3
1420;19860301;19860331;10;6.11;4.94;8.53;1.52;2.68;15.3;23.0;-3.7;66.10;10;83.4;16.5
1420;19860401;19860430;10;5.87;7.68;12.05;3.44;2.77;21.6;18.5;-7.1;114.50;10;56.1;9.5
1420;19860501;19860531;10;5.13;15.72;20.81;10.29;2.19;26.6;16.5;3.1;200.10;10;45.1;10.3
1420;19860601;19860630;10;4.18;18.35;23.47;12.59;2.34;31.7;18.5;3.8;239.60;10;41.2;17.9
1420;19860701;19860731;10;5.05;18.98;24.64;12.92;2.17;31.6;17.5;6.1;225.20;10;50.0;13.0
1420;19860801;19860831;10;5.03;18.16;24.23;12.62;2.14;35.5;20.1;5.4;183.30;10;58.8;11.7
1420;19860901;19860930;10;4.33;12.37;18.44;7.08;1.97;23.5;23.7;1.2;181.60;10;70.6;20.9
1420;19861001;19861031;10;4.51;10.78;15.60;6.37;2.22;21.9;23.7;-1.3;104.90;10;63.6;20.4
1420;19861101;19861130;10;5.60;6.21;9.56;2.54;2.09;14.6;17.5;-4.7;64.10;10;37.5;9.7
1420;19861201;19861231;10;6.41;3.33;5.46;0.59;2.79;11.1;21.6;-9.8;47.20;10;66.9;15.9
1420;19870101;19870131;10;5.36;-4.14;-1.33;-6.72;2.58;11.2;18.5;-17.5;61.60;10;25.8;15.5
1420;19870201;19870228;10;6.69;1.22;3.85;-1.70;2.29;12.4;20.1;-12.2;44.60;10;51.2;11.7
1420;19870301;19870331;10;4.28;2.00;6.61;-1.89;2.79;13.6;23.7;-12.7;154.40;10;93.9;27.6
1420;19870401;19870430;10;4.56;11.15;16.95;4.57;2.05;25.4;14.4;-1.1;190.70;10;15.8;5.7
1420;19870501;19870531;10;5.59;11.27;16.23;6.04;2.49;24.0;16.5;0.1;174.30;10;77.5;17.9
1420;19870601;19870630;10;6.02;15.56;19.96;11.28;2.23;31.7;22.1;5.6;152.40;10;96.0;16.7
1420;19870701;19870731;10;4.95;18.67;23.45;13.81;2.29;29.7;16.5;9.2;224.50;10;125.8;26.1
1420;19870801;19870831;10;5.31;17.49;22.24;12.86;1.98;30.7;16.0;5.4;171.40;10;51.6;10.8
1420;19870901;19870930;10;4.80;16.33;21.53;11.78;1.99;27.8;14.9;0.4;170.40;10;67.7;20.9
1420;19871001;19871031;10;5.34;10.20;14.28;6.45;2.22;20.6;19.6;2.7;94.30;10;61.3;8.1
1420;19871101;19871130;10;6.61;5.76;8.02;3.69;2.42;14.5;20.1;-0.6;26.10;10;45.2;8.4
1420;19871201;19871231;10;6.12;3.02;4.96;0.61;2.28;15.0;14.9;-11.5;38.60;10;25.1;10.5
1420;19880101;19880131;10;6.46;4.60;7.20;2.15;2.59;13.3;20.1;-3.3;40.10;10;83.2;13.2
1420;19880201;19880229;10;5.82;3.23;6.34;0.48;2.99;10.1;22.7;-3.9;68.30;10;51.9;8.1
1420;19880301;19880331;10;6.47;4.78;8.17;1.63;2.71;15.1;18.0;-5.7;65.80;10;107.3;17.6
1420;19880401;19880430;10;4.44;9.82;14.98;4.09;2.08;25.0;16.5;-2.6;203.80;10;18.5;3.7
1420;19880501;19880531;10;4.64;15.80;21.25;10.24;2.29;28.3;16.5;2.7;232.50;10;27.2;9.2
1420;19880601;19880630;10;5.48;17.07;21.52;12.19;2.13;27.0;13.4;6.6;167.70;10;36.5;8.1
1420;19880701;19880731;10;5.00;18.50;23.87;12.86;2.38;32.3;19.6;6.9;228.80;10;61.7;16.2
1420;19880801;19880831;10;4.48;19.39;25.27;13.28;2.14;31.4;17.0;7.0;242.90;10;32.4;13.1
1420;19880901;19880930;10;5.61;14.74;19.09;10.88;2.37;27.4;22.1;5.1;120.40;10;58.0;18.9
1420;19881001;19881031;10;5.63;11.15;14.76;7.56;2.05;20.5;21.6;-2.9;83.70;10;66.6;34.6
1420;19881101;19881130;10;5.82;3.87;6.81;0.87;1.94;12.5;14.4;-8.4;64.50;10;44.5;18.9
1420;19881201;19881231;10;6.62;4.97;7.30;2.50;2.67;11.6;30.9;-5.4;27.00;10;68.5;29.7
1420;19890101;19890131;10;6.27;3.11;5.49;0.58;1.70;9.7;13.9;-6.4;39.90;10;20.7;11.8
1420;19890201;19890228;10;6.79;3.86;6.21;1.15;2.60;14.4;18.5;-2.9;34.60;10;42.4;12.3
1420;19890301;19890331;10;4.80;8.67;13.72;3.64;2.51;24.2;19.6;-1.9;147.20;10;52.1;10.3
1420;19890401;19890430;10;6.42;8.33;12.09;4.69;2.23;19.6;20.6;0.4;85.20;10;83.3;18.9
1420;19890501;19890531;10;2.70;16.17;22.36;8.90;2.12;28.4;16.5;-0.2;328.20;10;29.3;8.1
1420;19890601;19890630;10;4.70;17.08;22.63;11.02;1.93;30.5;15.5;3.6;237.00;10;59.6;28.4
1420;19890701;19890731;10;4.55;19.76;25.22;14.30;2.03;32.6;17.0;7.5;236.20;10;60.3;11.7
1420;19890801;19890831;10;4.40;18.74;24.45;13.17;1.80;34.4;16.5;7.5;215.40;10;39.1;12.7
1420;19890901;19890930;10;4.72;15.89;21.25;10.83;1.81;28.4;18.5;2.5;148.80;10;28.9;10.3
1420;19891001;19891031;10;4.90;11.43;16.28;6.96;2.08;22.7;15.5;0.4;114.20;10;46.8;13.3
1420;19891101;19891130;10;4.26;3.32;7.14;-0.18;1.66;13.5;12.4;-9.0;107.60;10;52.6;19.9
1420;19891201;19891231;10;6.01;3.38;6.29;0.70;2.01;16.3;19.6;-8.9;50.90;10;72.4;12.0
1420;19900101;19900131;10;7.19;3.30;5.51;1.11;2.49;13.6;27.3;-2.6;25.60;10;22.8;9.3
1420;19900201;19900228;10;4.80;6.75;11.57;1.96;2.87;17.5;31.9;-4.2;108.60;10;81.0;15.2
1420;19900301;19900331;10;4.47;8.49;13.48;4.04;2.77;20.0;33.5;-0.6;156.10;10;15.2;4.0
1420;19900401;19900430;10;5.06;9.18;14.13;4.03;2.57;22.0;21.1;-2.0;168.10;10;37.2;6.3
1420;19900501;19900531;10;3.54;16.09;22.32;8.81;2.19;27.5;17.5;1.6;314.60;10;18.8;15.0
1420;19900601;19900630;10;5.81;16.78;21.33;11.81;2.38;31.0;27.5;5.3;176.20;10;85.7;33.1
1420;19900701;19900731;10;3.16;19.36;24.95;12.95;2.70;34.6;19.6;8.4;309.00;10;21.5;8.1
1420;19900801;19900831;10;4.29;20.81;27.11;14.66;2.36;35.1;18.0;6.6;228.50;10;24.7;6.9
1420;19900901;19900930;10;5.69;13.53;17.66;9.24;2.51;21.6;20.0;4.0;121.80;10;74.9;31.1
1420;19901001;19901031;10;4.56;11.27;16.36;6.85;2.25;23.3;19.5;-1.9;146.00;10;52.7;28.5
1420;19901101;19901130;10;6.45;5.83;8.45;3.76;2.38;14.0;20.5;-2.4;39.20;10;87.2;16.8
1420;19901201;19901231;10;6.43;1.76;3.84;-0.73;2.47;13.4;21.0;-8.0;36.80;10;58.1;11.0
1420;19910101;19910131;10;5.06;2.70;5.38;0.17;2.69;15.2;19.5;-8.3;71.30;9;48.0;8.9
1420;19910201;19910228;10;4.48;-1.10;2.93;-4.90;2.30;13.8;16.4;-12.6;112.80;9;19.5;5.8
1420;19910301;19910331;10;5.31;8.17;12.49;3.85;2.19;19.0;17.4;-3.5;111.80;9;30.7;13.2
1420;19910401;19910430;10;4.61;9.08;14.27;3.32;2.52;21.2;16.9;-2.0;192.40;9;54.6;30.9
1420;19910501;19910531;10;4.97;11.90;16.68;5.77;2.29;26.3;20.0;0.0;201.40;9;11.7;3.2
1420;19910601;19910630;10;5.87;15.22;19.93;10.37;2.90;25.9;25.2;4.1;176.40;9;60.4;8.0
1420;19910701;19910731;10;4.36;21.62;27.15;15.57;2.40;35.0;16.4;10.6;288.30;9;62.7;20.4
1420;19910801;19910831;10;3.46;21.15;27.30;14.35;2.23;34.2;21.0;8.7;292.00;9;1.4;0.6
1420;19910901;19910930;10;4.25;17.14;22.93;11.37;2.28;29.8;30.3;6.2;189.60;9;40.5;12.9
1420;19911001;19911031;10;4.93;9.09;13.28;5.41;2.29;20.1;24.7;-2.5;100.80;9;28.8;12.9
1420;19911101;19911130;10;6.31;4.83;7.86;1.89;2.57;16.7;24.2;-2.9;52.30;9;60.6;10.1
1420;19911201;19911231;10;5.40;1.13;3.80;-1.79;2.39;12.7;23.1;-11.4;56.40;9;46.8;11.2
1420;19920101;19920131;10;5.75;2.09;4.50;-0.37;2.46;10.9;20.1;-6.7;45.20;9;24.6;10.3
1420;19920201;19920229;10;5.94;3.43;6.59;0.02;2.49;15.4;19.0;-7.1;40.60;9;28.8;9.9
1420;19920301;19920331;10;5.37;6.68;11.11;2.23;2.77;16.6;30.9;-2.5;101.10;9;61.3;13.5
1420;19920401;19920430;10;5.29;9.90;14.84;4.55;2.74;23.0;23.1;-1.7;156.80;9;20.3;5.0
1420;19920501;19920531;10;3.65;16.59;22.37;9.50;2.38;29.5;19.5;3.0;296.90;9;35.9;8.5
1420;19920601;19920630;10;4.93;18.46;23.55;13.10;2.27;30.4;17.0;9.8;194.10;9;94.4;32.9
1420;19920701;19920731;10;4.73;20.64;25.99;14.75;2.44;34.3;20.6;9.7;241.70;9;37.4;6.0
1420;19920801;19920831;10;4.30;20.85;26.83;15.65;2.39;36.6;36.0;8.2;233.60;9;119.1;26.0
1420;19920901;19920930;10;4.34;14.61;19.79;10.03;2.13;24.7;20.6;4.5;172.40;9;43.2;14.1
1420;19921001;19921031;10;5.48;7.92;11.78;4.63;2.69;18.3;20.1;-2.3;88.30;9;55.8;16.8
1420;19921101;19921130;10;6.32;6.78;9.55;3.68;2.72;14.9;28.3;-1.1;38.50;9;71.2;9.6
1420;19921201;19921231;10;5.52;2.42;4.95;-0.02;2.11;13.8;23.1;-10.0;43.00;9;34.6;9.1
1420;19930101;19930131;10;5.39;3.89;7.27;0.20;3.29;14.3;26.8;-13.0;53.70;9;22.6;4.0
1420;19930201;19930228;10;5.51;0.02;2.59;-2.91;1.85;7.2;21.6;-10.3;56.50;9;5.7;2.5
1420;19930301;19930331;10;3.90;5.69;10.99;0.45;2.17;20.0;14.9;-6.2;182.40;9;7.7;6.0
1420;19930401;19930430;10;4.92;12.63;17.58;6.94;2.33;28.0;19.5;-0.1;177.60;9;35.1;7.9
1420;19930501;19930531;10;4.70;16.33;22.33;10.50;2.37;30.8;18.0;2.6;259.70;9;56.9;13.1
1420;19930601;19930630;10;4.60;18.53;23.60;12.55;2.22;30.4;16.5;5.7;234.50;9;20.5;10.1
1420;19930701;19930731;10;5.10;19.00;24.25;13.49;2.74;31.7;24.2;8.2;211.10;9;73.4;19.4
1420;19930801;19930831;10;4.42;18.71;24.68;11.99;2.24;32.4;27.8;5.0;280.00;9;16.8;6.7
1420;19930901;19930930;10;5.72;14.02;18.75;9.98;2.38;24.5;18.5;3.7;124.00;9;74.6;18.6
1420;19931001;19931031;10;5.96;9.10;12.38;6.19;2.28;20.0;18.5;-1.3;64.60;9;63.6;19.8
1420;19931101;19931130;10;5.91;1.86;4.15;-0.25;2.12;12.0;23.7;-7.8;52.00;9;11.1;4.0
1420;19931201;19931231;10;6.80;4.81;7.20;1.87;3.24;14.1;27.3;-9.7;18.20;9;159.9;38.4
1420;19940101;19940131;10;6.22;4.31;6.67;1.87;2.96;13.0;32.9;-5.5;41.20;9;45.6;8.2
1420;19940201;19940228;10;5.59;1.87;5.11;-1.66;2.06;15.1;14.4;-9.6;79.90;9;30.1;7.8
1420;19940301;19940331;10;6.00;8.61;12.29;4.72;3.03;20.7;27.3;-1.1;93.70;9;41.2;7.6
1420;19940401;19940430;10;5.30;9.87;14.58;4.83;2.52;26.5;24.7;-1.4;155.10;9;43.0;12.1
1420;19940501;19940531;10;4.98;14.35;19.28;9.02;2.14;26.8;15.9;2.9;192.90;9;61.9;13.9
1420;19940601;19940630;10;4.71;18.77;24.06;13.17;2.62;32.2;26.8;6.3;245.50;9;59.9;24.1
1420;19940701;19940731;10;3.65;23.72;29.70;17.12;1.97;34.9;20.1;11.6;291.50;9;19.4;12.0
1420;19940801;19940831;10;4.89;19.64;25.00;14.25;2.34;35.6;21.6;7.0;227.20;9;55.5;12.4
1420;19940901;19940930;10;5.82;14.93;19.23;11.05;2.45;23.9;18.5;5.3;119.70;9;50.4;7.3
1420;19941001;19941031;10;4.44;9.23;14.12;4.54;2.30;19.9;18.5;-1.5;137.00;9;48.5;13.4
1420;19941101;19941130;10;6.30;9.10;11.71;6.54;2.06;18.2;14.9;1.0;47.20;9;32.3;6.2
1420;19941201;19941231;10;6.24;5.15;7.50;2.36;2.76;13.6;18.5;-5.9;40.20;9;38.7;11.6
1420;19950101;19950131;10;6.15;1.94;4.55;-0.87;2.66;13.9;24.2;-9.5;51.50;9;118.5;23.6
1420;19950201;19950228;10;6.26;6.00;8.99;2.67;3.05;14.2;20.1;-3.5;52.70;9;69.9;15.5
1420;19950301;19950331;10;4.83;4.82;9.27;0.85;2.90;17.9;24.2;-3.8;137.30;9;57.7;13.2
1420;19950401;19950430;10;5.76;10.97;15.47;6.33;2.79;26.6;18.5;0.7;136.30;9;51.3;10.9
1420;19950501;19950531;10;4.85;14.22;19.36;8.18;2.30;27.9;20.6;0.8;221.80;9;79.4;31.9
1420;19950601;19950630;10;5.19;16.72;21.32;11.48;2.30;30.9;15.4;4.5;181.30;9;29.8;8.4
1420;19950701;19950731;10;3.98;22.52;28.54;16.30;2.17;35.8;17.0;10.9;278.90;9;44.0;19.5
1420;19950801;19950831;10;4.08;20.45;26.15;15.00;2.30;33.3;18.0;7.9;232.20;9;79.6;33.0
1420;19950901;19950930;10;6.08;13.99;18.01;10.38;2.41;22.6;14.9;2.9;93.00;9;87.0;18.1
1420;19951001;19951031;10;6.00;13.00;16.77;9.27;1.58;23.9;11.8;0.4;92.10;9;26.5;16.1
1420;19951101;19951130;10;5.79;4.19;7.00;1.34;2.07;13.9;14.9;-6.1;65.50;9;29.2;9.0
1420;19951201;19951231;10;6.37;0.49;2.57;-1.78;2.21;12.3;15.9;-10.7;41.60;9;45.8;11.5
1420;19960101;19960131;10;6.28;-0.67;1.55;-2.79;2.12;9.1;10.8;-8.6;55.20;9;2.3;1.0
1420;19960201;19960229;10;6.07;0.51;3.72;-2.67;2.32;13.1;18.5;-12.5;64.40;9;38.3;11.1
1420;19960301;19960331;10;4.68;3.82;8.13;0.07;2.28;15.3;13.9;-7.3;146.80;9;17.8;5.8
1420;19960401;19960430;10;4.37;10.55;16.26;4.06;2.00;27.5;15.4;-2.2;236.30;9;14.8;5.0
1420;19960501;19960531;10;6.30;12.74;16.90;8.20;2.72;29.6;13.9;-0.1;140.00;9;72.3;11.2
1420;19960601;19960630;10;4.47;18.00;23.19;12.27;2.24;32.8;21.1;7.2;232.20;9;30.8;7.6
1420;19960701;19960731;10;4.47;18.00;23.56;12.41;2.38;29.0;18.0;7.7;240.50;9;88.6;23.6
1420;19960801;19960831;10;4.70;18.80;24.14;13.82;2.15;30.2;17.5;9.5;220.40;9;54.2;21.5
1420;19960901;19960930;10;5.35;12.97;17.35;8.63;2.30;24.5;20.6;2.6;123.40;9;19.1;4.2
1420;19961001;19961031;10;5.75;10.36;14.48;6.64;2.25;18.8;23.7;1.8;87.60;9;85.3;18.8
1420;19961101;19961130;10;6.74;5.81;7.91;3.63;2.66;14.6;18.0;-3.0;27.00;9;77.6;21.6
1420;19961201;19961231;10;6.10;-0.73;1.60;-3.08;2.20;10.6;13.4;-16.9;51.10;9;30.3;6.1
1420;19970101;19970131;10;6.07;-2.45;-0.23;-5.10;1.70;6.0;12.9;-16.8;44.30;9;9.8;3.8
1420;19970201;19970228;10;5.93;5.61;9.06;2.01;2.98;14.2;25.2;-5.5;82.60;9;64.2;11.8
1420;19970301;19970331;10;5.08;8.69;13.29;4.31;2.35;18.6;20.6;-1.9;131.70;9;17.4;4.0
1420;19970401;19970430;10;4.66;8.96;14.02;2.59;2.51;19.6;17.5;-2.8;192.60;9;21.2;8.1
1420;19970501;19970531;10;4.79;14.74;19.93;8.86;2.41;28.4;22.1;2.5;244.20;9;50.9;16.7
1420;19970601;19970630;10;5.64;17.52;22.25;12.61;2.44;30.0;16.5;6.4;187.90;9;65.6;11.5
1420;19970701;19970731;10;5.30;19.16;24.28;13.86;2.23;29.3;17.0;9.9;209.50;9;64.7;25.1
1420;19970801;19970831;10;3.72;21.93;27.86;16.21;2.00;33.1;19.5;10.6;251.40;9;43.7;23.6
1420;19970901;19970930;10;4.09;15.82;22.24;9.80;2.09;30.6;15.9;3.4;228.00;9;24.7;13.3
1420;19971001;19971031;10;5.02;9.15;13.81;5.41;2.38;23.9;18.5;-3.1;125.50;9;40.9;14.4
1420;19971101;19971130;10;6.32;5.41;7.83;2.97;1.97;13.8;16.5;-3.5;52.80;9;48.9;10.5
1420;19971201;19971231;10;6.86;3.88;5.89;1.88;2.54;14.6;23.1;-5.3;26.20;9;46.0;8.3
1420;19980101;19980131;10;5.47;3.52;6.34;0.85;2.86;12.3;20.6;-10.2;73.50;9;46.5;10.1
1420;19980201;19980228;10;4.76;5.02;9.73;-0.26;2.25;17.1;18.0;-12.9;124.10;9;11.2;6.5
1420;19980301;19980331;10;5.67;7.59;11.48;3.34;2.81;23.0;23.1;-4.5;126.90;9;29.4;10.6
1420;19980401;19980430;10;6.20;10.08;14.57;5.80;2.46;21.8;18.0;-1.0;109.50;9;64.2;9.9
1420;19980501;19980531;10;4.48;16.30;21.35;10.59;2.25;30.2;13.4;2.3;226.10;9;44.1;22.6
1420;19980601;19980630;10;5.80;18.81;23.63;13.32;2.47;32.7;24.7;5.1;199.20;9;64.7;17.5
1420;19980701;19980731;10;5.76;18.37;22.89;13.87;2.68;34.5;16.5;8.7;147.10;9;55.0;13.4
1420;19980801;19980831;10;4.48;19.63;25.58;13.09;2.29;37.0;17.0;8.0;249.90;9;22.1;8.6
1420;19980901;19980930;10;5.86;14.75;18.81;11.30;2.50;24.8;17.0;5.2;92.20;9;101.9;17.0
1420;19981001;19981031;10;6.53;10.18;13.20;7.43;2.96;19.3;21.1;2.1;51.30;9;148.4;24.6
1420;19981101;19981130;10;6.22;3.24;5.51;0.66;2.36;13.5;22.1;-7.6;43.10;9;53.5;10.4
1420;19981201;19981231;10;6.20;2.55;4.69;0.03;2.55;13.0;17.0;-5.9;42.30;9;31.7;7.1
1420;19990101;19990131;10;6.24;3.93;6.64;1.09;2.80;15.3;16.0;-6.8;49.90;9;52.2;8.1
1420;19990201;19990228;10;5.88;2.26;5.12;-0.91;3.00;11.3;22.0;-7.9;80.40;9;32.4;5.5
1420;19990301;19990331;10;5.95;7.23;11.22;3.70;2.59;18.7;20.0;-2.1;108.00;9;61.9;25.4
1420;19990401;19990430;10;4.95;11.01;15.77;6.14;2.58;22.1;15.0;0.1;177.70;9;55.5;14.7
1420;19990501;19990531;10;5.18;15.94;21.19;10.40;2.37;31.1;16.0;5.4;208.20;9;22.6;7.1
1420;19990601;19990630;10;5.01;17.62;23.01;11.80;2.51;31.3;20.0;6.3;216.30;9;38.9;9.7
1420;19990701;19990731;10;4.79;21.22;26.27;15.61;2.55;34.4;17.0;9.0;258.40;9;140.7;82.7
1420;19990801;19990831;10;5.22;19.16;24.36;13.77;2.22;30.9;20.0;8.3;208.50;9;94.0;19.6
1420;19990901;19990930;10;4.42;18.62;24.25;13.58;2.29;30.9;17.0;8.8;209.30;9;45.5;16.3
1420;19991001;19991031;10;4.97;10.21;14.43;6.53;2.51;19.3;18.0;-0.3;122.80;9;29.4;11.1
1420;19991101;19991130;10;6.14;4.57;7.21;1.80;2.40;16.0;17.0;-5.1;63.80;9;42.5;16.4
1420;19991201;19991231;10;6.73;3.57;5.80;1.14;3.29;12.4;23.0;-6.9;34.50;9;79.5;21.0
1420;20000101;20000131;10;6.34;2.87;4.98;-0.13;2.72;10.9;21.0;-11.0;47.40;9;37.2;15.7
1420;20000201;20000229;10;5.88;5.31;8.79;1.45;3.11;16.4;20.0;-4.7;81.40;9;51.5;7.4
1420;20000301;20000331;10;6.16;7.63;11.26;4.49;2.97;17.4;20.0;-1.6;88.40;9;59.6;17.1
1420;20000401;20000430;10;5.27;11.84;16.80;6.47;2.43;26.7;19.0;-1.1;181.50;9;27.1;6.5
1420;20000501;20000531;10;5.23;16.51;21.90;10.88;2.50;28.9;20.0;5.1;216.70;9;99.0;43.9
1420;20000601;20000630;10;3.91;19.44;25.04;12.52;2.39;34.1;18.0;6.1;292.80;9;27.6;8.4
1420;20000701;20000731;10;6.20;16.65;21.38;12.84;2.62;29.2;27.0;8.9;118.40;9;151.3;20.8
1420;20000801;20000831;10;4.12;19.94;25.42;14.34;2.20;31.1;14.0;10.9;255.30;9;54.4;18.1
1420;20000901;20000930;10;5.30;15.52;19.86;11.87;2.10;26.3;18.0;7.6;122.20;9;89.6;17.8
1420;20001001;20001031;10;6.21;11.30;14.82;8.04;2.32;21.3;28.0;1.2;65.50;9;50.2;9.5
1420;20001101;20001130;10;6.31;7.48;10.25;4.36;2.47;14.6;17.0;-0.9;40.00;9;56.1;12.8
1420;20001201;20001231;10;6.33;4.34;6.39;1.94;2.36;13.6;31.0;-8.6;49.30;9;55.5;11.2
1420;20010101;20010131;10;5.42;2.57;5.33;-0.55;2.24;12.6;20.0;-8.8;75.10;9;71.9;13.0
1420;20010201;20010228;10;5.65;4.74;8.12;1.14;2.74;16.1;17.0;-9.0;85.20;9;58.3;14.6
1420;20010301;20010331;10;6.65;6.69;9.99;3.42;2.53;15.8;20.0;-3.6;58.50;9;115.1;15.3
1420;20010401;20010430;10;5.81;8.78;13.40;3.97;2.80;22.6;21.4;-2.9;128.38;9;57.2;8.8
1420;20010501;20010531;10;4.51;16.59;22.25;10.76;2.68;29.0;16.0;5.0;270.30;9;27.2;13.7
1420;20010601;20010630;10;5.42;16.43;21.76;11.21;2.40;30.2;16.9;5.3;187.90;9;57.9;9.8
1420;20010701;20010731;10;4.50;20.67;26.54;14.79;2.52;33.7;22.8;10.2;245.90;9;37.8;8.8
1420;20010801;20010831;10;4.29;20.49;26.16;14.99;2.35;33.8;18.6;8.9;239.20;9;68.0;23.5
1420;20010901;20010930;10;6.38;13.03;17.05;9.22;2.80;23.8;19.5;3.0;48.40;9;96.4;24.5
1420;20011001;20011031;10;4.91;13.39;17.92;9.25;2.03;26.0;16.3;6.1;90.40;9;45.5;10.3
1420;20011101;20011130;10;5.73;4.59;7.78;1.33;2.27;14.2;18.4;-4.5;72.70;9;90.2;16.5
1420;20011201;20011231;10;5.64;1.44;3.98;-1.95;2.84;11.8;20.1;-13.7;58.30;9;27.8;7.1
1420;20020101;20020131;10;6.20;1.33;3.79;-1.34;2.71;14.1;20.7;-16.0;57.10;9;35.1;13.4
1420;20020201;20020228;10;5.66;6.55;10.05;2.91;3.68;17.2;22.4;-3.2;81.20;9;96.5;16.9
1420;20020301;20020331;10;5.02;7.29;12.50;1.89;2.65;18.8;16.7;-4.1;151.00;9;36.2;12.9
1420;20020401;20020430;10;4.62;10.13;15.32;5.08;2.63;21.4;21.2;-2.7;184.40;9;46.2;9.5
1420;20020501;20020531;10;5.66;14.64;19.48;9.69;2.26;28.0;17.9;3.6;172.70;9;91.1;20.7
1420;20020601;20020630;10;4.86;19.54;25.33;13.49;2.43;37.5;15.5;8.8;236.10;9;15.4;8.0
1420;20020701;20020731;10;5.30;19.11;24.39;14.29;2.36;32.5;26.3;9.9;169.50;9;112.5;51.9
1420;20020801;20020831;10;4.86;19.99;25.15;15.38;2.06;30.9;15.4;13.0;192.50;9;54.4;27.2
1420;20020901;20020930;10;4.35;14.49;19.95;9.05;2.17;28.2;16.3;2.4;194.10;9;29.8;8.9
1420;20021001;20021031;10;6.02;10.33;14.07;6.55;2.74;19.9;32.1;-1.1;83.90;9;91.6;14.0
1420;20021101;20021130;10;6.38;8.00;10.75;5.05;2.17;17.7;14.7;-0.8;50.40;9;87.8;17.1
1420;20021201;20021231;10;6.18;3.15;5.73;0.81;2.32;12.7;17.7;-8.9;45.60;9;81.0;22.9
1420;20030101;20030131;10;5.88;1.18;4.02;-2.04;2.77;13.0;23.4;-12.3;57.30;9;60.9;25.8
1420;20030201;20030228;10;3.35;0.40;5.23;-3.96;2.29;13.6;14.2;-8.0;154.00;9;9.0;4.3
1420;20030301;20030331;10;4.24;8.30;14.15;2.79;2.26;21.4;17.6;-3.2;183.40;9;13.2;5.5
1420;20030401;20030430;10;4.32;10.76;16.80;4.44;2.53;25.4;21.5;-4.5;219.00;9;11.6;4.0
1420;20030501;20030531;10;5.46;15.73;21.28;9.95;2.61;29.6;17.9;3.5;189.50;9;65.2;22.1
1420;20030601;20030630;10;4.12;21.93;28.61;15.54;2.20;33.9;24.1;9.6;304.50;9;24.6;8.0
1420;20030701;20030731;10;4.28;21.13;27.52;14.90;2.23;36.8;16.1;11.3;243.60;9;32.5;4.9
1420;20030801;20030831;10;3.08;23.71;30.74;16.55;2.26;38.7;17.1;9.5;301.00;9;12.7;4.1
1420;20030901;20030930;10;3.93;15.74;22.54;9.50;2.20;30.3;15.5;4.8;223.70;9;31.1;20.7
1420;20031001;20031031;10;5.31;7.86;11.95;3.78;2.48;23.6;15.9;-4.0;112.30;9;40.1;6.9
1420;20031101;20031130;10;6.01;7.17;10.47;4.04;2.23;14.6;17.7;-1.0;74.10;9;38.8;11.4
1420;20031201;20031231;10;5.39;2.98;6.00;-0.15;2.52;12.1;20.6;-6.0;75.20;9;39.7;19.6
1420;20040101;20040131;10;6.59;2.03;4.53;-0.58;2.90;11.5;21.4;-6.7;33.30;9;69.8;24.7
1420;20040201;20040229;10;5.54;4.18;7.44;0.78;2.72;15.3;24.3;-7.3;70.00;9;19.3;4.7
1420;20040301;20040331;10;4.89;5.79;10.39;1.24;2.55;21.8;21.8;-5.2;141.80;9;18.4;4.7
1420;20040401;20040430;10;4.96;11.63;17.11;5.77;2.50;25.9;17.4;-1.2;202.20;9;18.9;5.6
1420;20040501;20040531;10;4.76;13.34;18.41;7.55;2.16;25.8;14.6;0.8;207.80;9;66.4;21.5
1420;20040601;20040630;10;5.04;17.58;23.36;11.56;2.47;33.6;18.5;7.0;207.60;9;38.9;12.5
1420;20040701;20040731;10;5.28;19.01;24.53;13.94;2.35;31.4;23.6;9.7;193.70;9;88.2;37.5
1420;20040801;20040831;10;5.02;20.07;25.78;15.13;2.58;33.1;22.2;9.8;182.40;9;90.1;15.7
1420;20040901;20040930;10;4.27;15.97;21.32;10.71;2.67;27.8;16.9;5.3;192.20;9;46.4;15.2
1420;20041001;20041031;10;5.46;11.32;15.72;7.22;2.16;25.8;14.8;2.4;112.80;9;50.9;11.5
1420;20041101;20041130;10;6.18;5.50;8.17;2.50;2.63;14.0;19.5;-3.2;54.10;9;26.7;12.4
1420;20041201;20041231;10;6.49;1.37;3.64;-1.02;2.32;9.7;16.0;-7.6;34.50;9;21.5;6.0
1420;20050101;20050131;10;5.69;3.24;5.92;0.43;3.19;12.9;20.9;-10.3;66.00;9;31.6;11.0
1420;20050201;20050228;10;5.76;0.66;3.67;-2.04;2.68;12.7;23.6;-8.4;72.50;9;31.9;7.2
1420;20050301;20050331;10;5.70;6.48;11.27;1.69;2.39;21.9;17.8;-12.0;120.90;9;13.7;3.1
1420;20050401;20050430;10;4.95;11.58;16.93;6.02;2.37;25.1;17.2;-0.9;182.40;9;106.3;21.3
1420;20050501;20050531;10;5.12;14.76;20.15;9.00;2.32;32.0;24.6;0.9;211.80;9;85.8;26.7
1420;20050601;20050630;10;4.66;19.12;25.12;12.74;2.33;33.6;27.0;5.8;256.90;9;46.2;26.6
1420;20050701;20050731;10;5.07;20.34;26.17;14.74;2.55;34.0;19.5;8.7;212.50;9;37.5;7.1
1420;20050801;20050831;10;4.78;18.00;23.49;13.03;2.32;30.7;13.8;8.4;192.00;9;47.1;21.2
1420;20050901;20050930;10;3.74;17.26;23.11;11.85;2.20;31.0;15.6;4.8;205.90;9;30.3;11.5
1420;20051001;20051031;10;4.16;12.40;17.28;8.46;2.35;22.5;18.8;2.6;147.00;9;30.0;23.3
1420;20051101;20051130;10;6.11;5.61;8.70;2.29;2.37;18.7;15.2;-3.5;63.10;9;23.7;7.7
1420;20051201;20051231;10;6.35;2.16;4.49;-0.45;2.55;9.5;18.3;-6.0;39.20;9;39.9;12.5
1420;20060101;20060131;10;5.16;-0.58;2.02;-3.58;2.23;7.1;14.8;-10.1;71.70;9;20.6;10.0
1420;20060201;20060228;10;6.67;1.53;4.16;-1.08;2.57;11.0;16.9;-7.6;42.10;9;33.8;12.8
1420;20060301;20060331;10;5.30;3.76;7.69;0.03;2.77;16.8;17.4;-6.5;115.80;9;65.8;19.3
1420;20060401;20060430;10;5.42;10.20;14.98;5.20;2.53;22.9;17.5;-2.7;151.10;9;31.8;10.1
1420;20060501;20060531;10;5.48;14.96;20.11;9.55;2.55;25.9;18.0;4.1;185.60;9;100.9;22.1
1420;20060601;20060630;10;3.91;18.84;24.72;12.18;2.27;32.3;21.5;4.8;283.00;9;21.9;13.4
1420;20060701;20060731;10;3.15;24.03;30.76;17.49;2.19;35.8;17.9;13.3;329.20;9;70.0;26.6
1420;20060801;20060831;10;5.86;16.71;21.66;12.75;2.52;26.6;16.1;8.4;124.70;9;128.4;25.8
1420;20060901;20060930;10;4.19;18.49;24.19;13.21;2.10;28.4;14.9;8.3;206.10;9;11.0;6.2
1420;20061001;20061031;10;5.20;13.44;17.71;9.55;2.55;21.8;24.6;3.8;129.80;9;80.4;27.4
1420;20061101;20061130;10;6.28;8.28;11.49;4.98;2.53;18.5;19.0;-1.3;52.00;9;33.2;5.8
1420;20061201;20061231;10;5.88;4.69;7.55;1.45;2.48;15.3;18.4;-4.6;48.00;9;36.4;11.5
1420;20070101;20070131;10;6.37;6.06;8.50;3.01;3.61;14.3;26.3;-10.3;31.80;9;36.5;8.1
1420;20070201;20070228;10;6.21;5.78;9.04;2.54;2.32;13.6;19.0;-3.0;56.00;9;74.1;8.6
1420;20070301;20070331;10;4.23;7.71;12.72;2.33;2.65;18.5;22.2;-1.7;170.60;9;47.6;14.1
1420;20070401;20070430;10;2.84;14.25;21.48;6.48;2.23;28.3;17.1;-0.9;312.10;9;0.1;0.1
1420;20070501;20070531;10;5.00;16.10;21.38;10.58;2.74;31.3;23.2;4.3;207.60;9;78.1;15.9
1420;20070601;20070630;10;5.36;18.87;23.98;14.12;2.57;30.7;18.5;10.2;187.70;9;165.3;46.1
1420;20070701;20070731;10;5.18;18.59;23.57;13.43;2.77;34.4;20.8;8.4;199.80;9;68.2;13.1
1420;20070801;20070831;10;4.72;18.26;23.29;13.13;2.26;30.7;17.8;7.9;212.40;9;66.7;18.1
1420;20070901;20070930;10;4.92;14.00;19.01;9.22;2.37;24.7;16.1;4.2;145.10;9;56.7;25.2
1420;20071001;20071031;10;4.55;9.94;14.55;5.79;2.03;21.4;14.2;-1.1;141.60;9;5.2;1.9
1420;20071101;20071130;10;6.35;4.89;7.59;2.07;2.57;12.9;18.5;-4.2;39.20;9;47.2;8.7
1420;20071201;20071231;10;5.95;2.11;4.28;-0.12;2.58;13.6;20.8;-6.4;44.60;9;43.5;14.5
1420;20080101;20080131;10;6.26;4.85;7.57;1.37;2.77;13.7;18.9;-3.7;42.90;9;36.9;10.5
1420;20080201;20080229;10;4.27;4.32;9.37;-0.29;2.52;15.8;17.9;-7.5;132.10;9;56.5;18.4
1420;20080301;20080331;10;6.12;6.03;9.80;1.99;3.13;21.9;28.1;-7.6;84.40;9;64.3;13.5
1420;20080401;20080430;10;5.96;8.92;13.55;4.41;2.40;20.8;18.1;-2.4;98.20;9;59.8;11.2
1420;20080501;20080531;10;4.12;17.33;23.05;11.35;2.23;29.9;18.8;4.8;245.30;9;27.7;9.5
1420;20080601;20080630;10;4.63;19.15;24.85;13.26;2.40;31.7;14.6;7.7;227.10;9;48.7;18.5
1420;20080701;20080731;10;4.83;20.19;26.24;14.23;2.45;34.0;24.3;8.9;216.60;9;44.6;20.8
1420;20080801;20080831;10;5.15;19.17;24.20;14.45;2.45;31.1;16.6;9.1;177.40;9;67.0;13.7
1420;20080901;20080930;10;5.09;13.60;18.08;9.10;2.23;26.2;18.2;3.4;120.50;9;46.0;12.3
1420;20081001;20081031;10;6.00;10.02;13.94;6.29;2.16;19.4;20.5;0.3;80.20;9;55.9;11.0
1420;20081101;20081130;10;6.29;6.40;9.21;3.14;2.47;15.8;23.3;-4.5;30.80;9;14.2;3.6
1420;20081201;20081231;10;5.63;1.95;4.36;-0.69;2.26;11.0;16.0;-8.2;51.40;9;33.6;12.0
1420;20090101;20090131;10;5.12;-1.89;1.57;-5.41;1.90;8.9;20.5;-16.0;95.30;9;35.0;19.8
1420;20090201;20090228;10;6.13;2.31;5.46;-0.76;2.39;11.0;21.7;-7.9;56.40;9;47.2;9.1
1420;20090301;20090331;10;5.50;6.06;10.25;1.77;2.58;15.3;17.3;-4.7;99.60;9;56.0;9.3
1420;20090401;20090430;10;3.66;14.09;19.78;8.12;2.23;25.4;13.4;4.3;233.30;9;25.0;8.6
1420;20090501;20090531;10;4.93;15.70;21.20;9.83;2.39;31.2;18.6;5.3;209.80;9;63.1;14.8
1420;20090601;20090630;10;4.84;17.22;22.23;11.86;2.37;29.5;21.3;5.5;217.80;9;86.6;18.5
1420;20090701;20090731;10;5.20;19.79;25.14;14.75;2.45;30.6;21.0;11.2;223.00;9;98.4;26.7
1420;20090801;20090831;10;3.87;20.91;27.18;14.47;2.10;36.4;17.9;7.2;262.70;9;20.5;10.3
1420;20090901;20090930;10;4.55;16.51;22.00;11.67;2.30;31.6;19.6;7.6;174.60;9;41.1;25.4
1420;20091001;20091031;10;5.41;9.97;13.98;5.77;2.13;23.8;15.9;-2.3;101.60;9;40.0;10.0
1420;20091101;20091130;10;6.43;8.55;11.15;5.77;2.57;14.8;20.3;0.9;34.20;9;77.0;13.6
1420;20091201;20091231;10;6.29;2.09;4.65;-0.94;2.35;11.8;19.0;-16.1;35.00;9;74.1;13.1
1420;20100101;20100131;10;6.88;-1.67;0.28;-3.92;2.32;5.6;14.2;-12.2;26.60;9;43.0;8.9
1420;20100201;20100228;10;6.66;1.74;4.49;-1.01;2.57;14.2;31.5;-6.2;33.80;9;50.0;6.8
1420;20100301;20100331;10;5.28;6.37;10.92;1.78;2.87;20.6;21.6;-6.4;152.00;9;28.6;5.7
1420;20100401;20100430;10;4.06;11.11;16.79;4.52;2.50;26.7;17.4;-1.9;251.20;9;19.2;7.8
1420;20100501;20100531;10;5.98;12.29;16.60;7.72;2.35;27.7;19.0;2.8;135.80;9;107.1;21.4
1420;20100601;20100630;10;4.61;18.76;24.39;12.50;2.23;31.8;27.7;5.9;299.40;9;61.4;26.2
1420;20100701;20100731;10;4.21;22.16;28.25;15.75;2.16;36.4;24.2;10.1;293.80;9;61.4;22.7
1420;20100801;20100831;10;5.49;18.25;23.03;13.73;2.29;30.8;19.6;9.0;160.60;9;101.3;22.0
1420;20100901;20100930;10;5.21;13.90;18.34;9.55;2.17;24.6;13.5;3.0;147.90;9;44.3;14.8
1420;20101001;20101031;10;4.55;9.45;14.23;4.95;2.19;22.7;14.3;-2.6;147.30;9;18.9;7.4
1420;20101101;20101130;10;7.00;6.90;8.99;4.98;2.67;18.9;17.5;-3.3;23.10;9;60.6;11.7
1420;20101201;20101231;10;7.22;-1.61;0.32;-3.89;2.42;5.9;17.2;-14.6;22.30;9;72.5;17.2
1420;20110101;20110131;10;5.93;2.56;4.96;-0.37;2.42;13.7;13.7;-7.7;42.00;9;37.2;8.7
1420;20110201;20110228;10;6.33;2.99;6.11;0.02;2.39;12.0;16.5;-8.6;69.80;9;23.1;6.1
1420;20110301;20110331;10;3.95;7.61;13.09;2.22;2.45;19.9;15.4;-3.7;212.80;9;14.5;5.4
1420;20110401;20110430;10;3.86;14.00;20.43;7.34;2.33;26.9;24.0;1.9;257.60;9;16.0;5.2
1420;20110501;20110531;10;4.33;16.28;23.17;8.95;2.45;31.5;17.8;-0.8;309.10;9;24.8;13.6
1420;20110601;20110630;10;5.64;18.46;23.40;13.77;2.47;32.9;19.5;10.5;189.90;9;82.8;22.7
1420;20110701;20110731;10;5.69;17.75;22.83;13.13;2.39;29.6;15.4;9.5;166.90;9;59.9;9.3
1420;20110801;20110831;10;4.85;19.45;25.14;14.30;2.29;35.0;17.8;8.4;208.30;9;79.7;15.9
1420;20110901;20110930;10;4.36;17.03;22.69;11.73;2.20;29.5;15.6;6.9;204.80;9;33.5;12.0
1420;20111001;20111031;10;4.31;10.73;16.12;5.78;2.26;26.7;17.7;-1.4;151.20;9;25.7;5.5
1420;20111101;20111130;10;5.55;5.40;9.09;2.04;1.83;17.7;14.9;-3.3;103.00;9;1.1;0.6
1420;20111201;20111231;10;6.66;5.10;7.70;2.22;3.13;12.3;20.7;-4.4;28.20;9;107.4;24.8
1420;20120101;20120131;10;5.93;3.65;6.38;0.82;2.84;13.0;20.8;-7.9;63.10;9;57.8;12.1
1420;20120201;20120229;10;4.59;-0.81;3.12;-4.78;2.62;14.9;14.9;-16.0;124.00;9;6.8;3.3
1420;20120301;20120331;10;4.22;8.97;13.89;3.33;2.13;21.2;14.4;-2.4;177.90;9;16.4;8.2
1420;20120401;20120430;10;5.69;9.96;14.81;4.97;2.53;29.7;15.9;-2.4;157.50;9;38.5;8.0
1420;20120501;20120531;10;4.67;16.63;22.16;10.45;2.39;30.2;17.3;0.3;253.00;9;46.6;16.2
1420;20120601;20120630;10;5.68;17.31;22.29;12.55;2.23;30.4;17.2;8.6;174.30;9;104.0;13.2
1420;20120701;20120731;10;5.00;19.44;24.52;14.34;2.55;35.1;22.6;6.8;212.70;9;66.0;21.7
1420;20120801;20120831;10;4.54;20.80;26.47;14.93;2.32;35.7;16.7;9.8;247.00;9;78.5;50.2
1420;20120901;20120930;10;4.18;15.17;21.18;9.39;2.10;30.8;23.1;3.5;209.90;9;40.8;18.5
1420;20121001;20121031;10;5.33;9.76;14.27;5.28;2.06;20.6;16.8;-5.0;118.30;9;58.0;15.4
1420;20121101;20121130;10;6.64;6.43;9.02;3.42;2.10;15.1;16.8;-4.1;29.70;9;45.1;11.2
1420;20121201;20121231;10;6.64;3.76;6.00;1.25;2.65;13.6;17.9;-8.7;26.70;9;71.0;17.5
1420;20130101;20130131;10;6.87;1.81;3.64;-0.47;2.55;13.9;-999;-8.7;19.20;9;33.1;10.6
1420;20130201;20130228;10;6.70;1.09;3.24;-1.11;2.39;8.1;18.0;-5.4;27.70;9;33.5;7.0
1420;20130301;20130331;10;5.75;2.76;7.05;-1.33;2.39;17.2;14.4;-10.5;123.70;9;27.4;10.1
1420;20130401;20130430;10;5.92;10.28;14.94;6.19;2.40;25.6;17.7;-3.5;134.60;9;63.1;23.4
1420;20130501;20130531;10;6.02;12.99;17.32;8.65;2.52;23.6;17.8;1.2;123.70;9;103.3;24.8
1420;20130601;20130630;10;5.04;17.79;22.79;12.42;2.53;35.4;23.3;6.9;220.60;9;78.2;38.2
1420;20130701;20130731;10;3.87;22.33;27.94;16.32;2.32;36.7;12.9;11.2;301.10;9;17.8;6.5
1420;20130801;20130831;10;4.60;19.86;26.02;14.14;2.00;36.3;26.6;8.7;221.40;9;47.9;17.2
1420;20130901;20130930;10;5.27;15.38;19.85;11.19;2.30;31.2;15.0;6.4;141.60;9;58.5;9.8
1420;20131001;20131031;10;5.91;12.01;15.70;8.43;2.16;23.8;24.2;-0.3;97.30;9;93.7;24.1
1420;20131101;20131130;10;6.29;5.82;8.30;3.09;2.47;16.7;16.7;-5.1;44.70;9;64.6;12.5
1420;20131201;20131231;10;6.32;4.55;7.53;1.38;2.42;14.4;22.3;-2.9;59.40;9;21.9;5.5
1420;20140101;20140131;10;6.44;4.68;7.30;1.79;2.16;13.4;15.6;-2.7;54.50;9;38.8;7.1
1420;20140201;20140228;10;6.03;5.72;9.50;1.78;2.43;14.1;21.2;-2.3;59.10;9;45.6;10.4
1420;20140301;20140331;10;3.86;8.89;14.89;3.16;2.16;21.7;18.7;-1.8;199.50;9;10.9;4.4
1420;20140401;20140430;10;5.22;13.60;18.98;7.99;2.20;25.9;17.1;0.0;174.00;9;30.7;24.8
1420;20140501;20140531;10;5.23;14.33;19.39;8.74;2.52;29.0;19.9;-0.1;208.30;9;64.9;17.9
1420;20140601;20140630;10;4.41;18.56;24.25;12.35;2.30;35.2;14.2;7.5;253.00;9;36.5;11.7
1420;20140701;20140731;10;4.99;21.15;26.60;16.07;2.26;34.0;26.6;8.6;242.20;9;128.7;31.0
1420;20140801;20140831;10;5.54;17.49;22.40;13.03;2.32;28.1;16.4;7.6;175.20;9;101.6;26.7
1420;20140901;20140930;10;5.29;16.58;20.98;12.39;1.93;26.6;17.8;6.2;134.70;9;35.2;12.7
1420;20141001;20141031;10;5.82;12.93;16.72;9.45;1.87;22.4;19.2;3.6;77.80;9;53.9;9.4
1420;20141101;20141130;10;6.76;7.52;9.61;5.24;1.97;14.7;15.1;-0.6;32.40;9;46.8;21.3
1420;20141201;20141231;10;6.89;3.90;5.95;1.22;2.87;13.8;19.5;-7.6;18.60;9;56.2;9.0
1420;20150101;20150131;10;6.64;3.12;5.61;0.20;3.06;15.9;23.0;-4.6;29.60;9;62.8;11.5
1420;20150201;20150228;10;5.86;2.24;5.20;-0.76;2.29;11.6;16.1;-5.2;69.30;9;20.9;6.9
1420;20150301;20150331;10;4.79;6.80;11.80;1.62;2.68;18.5;28.0;-2.5;160.40;9;17.7;6.4
1420;20150401;20150430;10;4.42;10.54;16.89;3.25;2.53;25.4;23.0;-2.4;253.60;9;19.7;4.9
1420;20150501;20150531;10;5.63;14.55;20.28;7.91;2.55;29.1;20.1;1.5;204.30;9;15.4;4.0
1420;20150601;20150630;10;5.00;18.06;23.48;12.44;2.57;33.5;18.5;8.1;214.40;9;57.5;15.6
1420;20150701;20150731;10;4.34;22.30;28.63;15.87;2.77;38.8;27.3;6.9;263.50;9;26.1;11.3
1420;20150801;20150831;10;4.85;21.75;28.06;15.96;2.45;38.7;17.1;9.7;234.80;9;43.3;9.6
1420;20150901;20150930;10;4.85;14.60;19.41;10.20;2.50;26.4;16.8;7.3;144.00;9;57.0;20.5
1420;20151001;20151031;10;5.70;9.81;13.67;6.03;2.03;20.6;15.6;1.0;91.70;9;16.4;6.1
1420;20151101;20151130;10;6.63;8.15;11.23;4.80;3.10;19.1;21.9;-2.8;39.20;9;65.9;22.7
1420;20151201;20151231;10;6.25;7.18;10.05;3.53;2.39;13.9;16.1;-1.9;53.50;9;28.1;6.2
1420;20160101;20160131;10;6.45;3.30;5.97;0.41;2.71;12.7;17.7;-7.3;42.20;9;66.8;9.4
1420;20160201;20160229;10;6.33;4.84;7.92;1.69;3.10;13.8;21.6;-3.1;46.50;9;81.9;17.6
1420;20160301;20160331;10;5.63;5.60;9.52;1.51;2.55;15.5;18.7;-3.2;102.20;9;57.0;17.8
1420;20160401;20160430;10;5.22;9.51;14.75;4.05;2.57;20.9;21.1;-1.2;159.60;9;47.1;10.6
1420;20160501;20160531;10;5.00;15.05;20.53;9.24;2.32;27.6;17.1;0.2;195.60;9;88.7;45.1
1420;20160601;20160630;10;5.43;18.04;23.09;13.00;2.27;34.0;21.8;7.1;154.50;9;110.6;28.7
1420;20160701;20160731;10;5.25;20.49;26.12;14.83;2.32;35.5;17.3;9.5;200.90;9;47.3;15.6
1420;20160801;20160831;10;3.97;19.85;25.87;14.08;2.32;35.3;18.0;6.1;255.30;9;41.9;16.1
1420;20160901;20160930;10;3.85;18.80;25.00;12.92;2.20;32.8;16.3;7.6;212.50;9;24.4;10.7
1420;20161001;20161031;10;5.96;9.83;13.58;6.13;2.10;18.1;16.5;2.8;67.50;9;47.7;18.9
1420;20161101;20161130;10;6.09;5.27;8.37;2.02;2.40;14.9;17.5;-7.6;51.80;9;39.4;12.8
1420;20161201;20161231;10;6.32;2.50;4.76;0.16;2.23;10.8;14.7;-5.9;45.00;9;9.3;4.0
1420;20170101;20170131;10;5.05;-0.93;2.17;-4.18;2.39;6.9;27.1;-12.8;90.60;9;24.4;4.7
1420;20170201;20170228;10;5.83;5.21;9.09;1.20;2.61;14.9;22.8;-4.1;73.30;9;16.7;4.9
1420;20170301;20170331;10;5.55;9.32;14.76;4.01;2.74;23.5;20.6;-0.1;154.60;9;42.6;13.2
1420;20170401;20170430;10;4.83;9.67;15.36;3.56;2.43;22.3;14.9;-2.9;181.10;9;10.4;7.0
1420;20170501;20170531;10;5.10;15.94;21.57;10.14;2.23;33.2;14.7;2.1;217.70;9;85.0;20.9
1420;20170601;20170630;10;4.48;20.28;26.55;13.61;2.53;35.0;-999;7.0;256.00;9;25.4;8.4
1420;20170701;20170731;10;5.28;20.34;25.95;14.76;2.58;34.1;21.4;8.8;193.90;9;94.4;17.2
1420;20170801;20170831;10;5.03;19.45;24.87;14.41;2.35;30.1;27.1;8.8;199.90;9;103.3;30.4
1420;20170901;20170930;10;5.46;14.15;19.59;9.69;2.43;25.1;19.2;4.5;138.30;9;62.5;26.3
1420;20171001;20171031;10;5.54;11.70;16.32;7.09;2.58;22.0;19.2;-1.4;98.80;9;33.1;17.6
1420;20171101;20171130;10;6.43;5.93;9.05;2.52;2.60;15.4;17.8;-1.7;51.10;9;83.1;15.2
1420;20171201;20171231;10;6.95;3.83;5.96;1.49;2.90;13.8;20.7;-3.9;17.10;9;81.8;14.1
1420;20180101;20180131;10;6.81;5.95;8.38;3.54;3.00;12.2;24.0;-2.7;32.20;9;71.3;10.6
1420;20180201;20180228;10;4.34;-0.01;3.31;-3.20;2.57;8.6;16.8;-9.9;135.50;9;10.6;3.9
1420;20180301;20180331;10;6.42;4.81;9.07;0.38;2.55;14.7;18.9;-7.4;101.40;9;40.4;10.1
1420;20180401;20180430;10;4.67;14.29;20.56;7.38;2.47;28.1;20.1;-1.2;231.50;9;54.1;32.7
1420;20180501;20180531;10;4.46;18.18;24.20;12.28;2.35;32.3;17.5;1.7;281.00;9;33.0;12.5
1420;20180601;20180630;10;4.53;20.52;25.86;14.84;2.53;31.3;15.9;7.9;250.70;9;19.4;11.6
1420;20180701;20180731;10;3.58;23.17;30.09;16.02;2.23;37.0;18.9;11.7;304.30;9;17.1;9.0
1420;20180801;20180831;10;4.11;22.00;28.86;15.13;2.42;36.8;28.1;5.9;273.80;9;20.3;5.5
1420;20180901;20180930;10;4.20;16.60;23.86;10.20;2.30;31.6;21.8;2.9;221.80;9;26.3;13.2
1420;20181001;20181031;10;4.43;12.35;18.06;7.07;2.45;26.9;18.7;0.1;178.90;9;7.0;4.2
1420;20181101;20181130;10;5.78;7.06;10.29;3.71;2.17;18.1;17.1;-1.6;82.90;9;25.9;7.0
1420;20181201;20181231;10;6.82;4.73;7.02;2.20;2.81;13.2;19.4;-4.3;21.80;9;75.3;29.6
1420;20190101;20190131;10;6.38;2.11;4.43;-0.68;2.90;9.9;18.5;-10.3;39.80;9;42.3;5.7
1420;20190201;20190228;10;4.81;4.48;10.49;-0.81;2.21;19.1;18.9;-4.5;136.50;9;10.8;3.5
1420;20190301;20190331;10;5.10;8.29;13.02;3.04;3.16;20.2;-999;-2.8;140.10;9;41.7;9.2
1420;20190401;20190430;10;4.68;11.68;17.22;6.21;2.57;26.7;26.1;0.5;221.10;9;34.5;10.0
1420;20190501;20190531;10;5.30;12.67;17.84;7.02;2.42;24.9;16.1;-1.2;217.10;9;72.5;14.6
1420;20190601;20190630;10;3.84;21.41;28.49;14.18;2.37;39.3;23.5;6.9;321.60;9;43.6;11.2
1420;20190701;20190731;10;4.65;21.58;27.64;15.04;2.29;40.1;15.6;6.7;273.90;9;43.5;16.3
1420;20190801;20190831;10;4.29;20.70;27.45;14.72;2.23;33.8;-999;10.1;239.10;9;53.3;15.0
1420;20190901;20190930;10;4.63;15.46;21.24;9.50;2.50;27.5;19.2;4.8;185.30;9;51.4;10.6
1420;20191001;20191031;10;5.91;11.83;15.71;8.04;2.55;24.9;17.8;-0.4;80.80;9;78.8;19.6
1420;20191101;20191130;10;6.67;6.06;8.97;2.95;2.47;17.9;15.4;-1.6;41.30;9;48.0;8.0
1420;20191201;20191231;10;6.13;4.47;7.21;1.40;2.45;11.8;20.4;-4.9;56.70;9;65.2;10.4
1420;20200101;20200131;10;6.11;4.13;7.02;1.00;2.39;15.1;21.4;-5.6;55.10;9;36.9;10.6
1420;20200201;20200229;10;6.06;6.47;10.18;2.39;3.41;17.9;35.0;-3.9;76.80;9;78.9;13.8
1420;20200301;20200331;10;4.45;7.45;12.31;2.28;3.13;18.2;23.7;-3.0;187.40;9;47.9;12.0
1420;20200401;20200430;10;2.53;12.87;20.26;5.10;2.60;25.2;18.0;-3.1;306.70;9;21.8;10.1
1420;20200501;20200531;10;3.96;14.20;20.25;7.39;2.55;26.3;17.5;1.0;304.00;9;31.1;10.5
1420;20200601;20200630;10;4.92;18.60;24.22;12.58;2.53;31.3;18.5;6.8;221.00;9;44.4;18.9
1420;20200701;20200731;10;4.56;20.57;26.84;13.88;2.48;35.3;19.0;7.6;267.90;9;15.5;6.4
1420;20200801;20200831;10;4.81;22.02;28.12;16.21;2.35;37.5;20.1;10.3;209.20;9;76.0;20.3
1420;20200901;20200930;10;4.21;16.98;23.54;10.88;2.17;32.7;14.8;5.2;227.90;9;32.0;25.0
1420;20201001;20201031;10;6.50;11.26;14.82;7.29;2.77;21.1;18.3;0.6;60.80;9;60.7;12.6
1420;20201101;20201130;10;5.50;6.58;10.06;3.05;2.10;22.6;-999;-5.7;91.50;9;16.2;6.7
1420;20201201;20201231;10;7.26;4.26;6.47;1.79;2.13;14.6;-999;-2.7;19.60;9;81.1;16.8
1420;20210101;20210131;10;7.02;2.30;4.67;-0.22;2.68;11.8;16.7;-7.8;22.70;9;66.7;19.2
1420;20210201;20210228;10;4.79;3.14;7.84;-1.43;2.32;19.0;15.0;-10.6;133.90;9;55.3;18.2
1420;20210301;20210331;10;4.73;6.48;11.97;0.96;2.52;24.6;22.8;-4.7;170.20;9;26.0;4.9
1420;20210401;20210430;10;4.53;7.85;13.41;2.01;2.57;24.6;18.5;-3.3;217.30;9;33.4;15.3
1420;20210501;20210531;10;5.44;11.94;17.20;6.39;2.87;28.9;21.6;-1.4;195.40;9;66.8;12.6
1420;20210601;20210630;10;4.97;20.94;26.78;15.03;2.23;34.8;18.2;9.5;272.50;9;120.8;23.9
1420;20210701;20210731;10;4.69;19.44;24.72;14.20;2.32;28.9;17.1;10.6;222.80;9;60.0;13.1
1420;20210801;20210831;10;5.43;18.07;23.42;12.92;2.48;30.6;16.0;9.6;189.50;9;53.5;8.7
1420;20210901;20210930;10;4.29;16.83;22.83;11.13;2.00;28.3;15.3;4.4;221.90;9;45.7;14.9
1420;20211001;20211031;10;5.38;9.88;14.85;5.08;2.23;21.2;-999;-1.1;115.40;9;42.7;5.6
1420;20211101;20211130;10;6.72;5.30;7.90;2.66;2.30;14.1;-999;-3.0;35.50;9;22.8;4.4
1420;20211201;20211231;10;6.64;4.34;6.85;1.66;2.39;16.5;16.5;-6.3;43.90;9;48.3;8.9
1420;20220101;20220131;10;6.73;3.75;6.07;0.71;2.61;12.1;18.6;-3.9;34.90;9;63.5;19.3
1420;20220201;20220228;10;5.34;5.80;9.85;1.41;3.43;14.0;33.9;-5.8;100.80;9;37.7;10.7
1420;20220301;20220331;10;3.27;7.41;13.56;1.19;2.23;21.5;16.0;-4.8;250.10;9;18.7;10.8
1420;20220401;20220430;10;5.02;9.93;15.10;4.09;2.87;24.4;26.9;-2.8;192.80;9;47.1;15.2
1420;20220501;20220531;10;4.68;17.18;23.45;10.26;2.52;31.4;16.8;3.9;299.80;9;18.8;8.2
1420;20220601;20220630;10;4.09;20.70;27.62;13.04;2.30;36.2;17.6;5.8;313.80;9;39.8;13.5
1420;20220701;20220731;10;3.99;21.97;28.83;14.58;2.35;38.4;16.8;8.3;320.70;9;15.3;8.6
1420;20220801;20220831;10;3.75;23.68;30.13;17.30;2.35;38.4;15.3;11.6;314.70;9;17.7;10.2
1420;20220901;20220930;9;5.93;14.91;20.44;10.18;2.37;31.0;19.4;3.2;160.70;9;128.1;29.7
1420;20221001;20221031;9;6.27;13.22;18.46;8.27;2.03;23.8;13.9;4.0;140.40;9;53.2;8.3
1420;20221101;20221130;9;6.81;7.67;11.28;4.04;2.17;17.8;13.7;-0.2;71.70;9;47.7;6.4
1420;20221201;20221231;9;6.93;3.15;5.53;0.20;2.58;17.6;-999;-11.5;41.50;9;54.9;14.5
1420;20230101;20230131;9;7.20;5.00;7.10;2.49;3.10;15.1;-999;-4.7;34.20;9;-999;-999
1420;20230201;20230228;9;5.74;4.92;8.36;1.28;-999;15.4;-999;-6.0;96.80;9;9.3;4.4
1420;20230301;20230331;9;6.72;7.64;12.22;3.14;3.00;18.3;-999;-4.7;113.20;9;98.1;23.4
1420;20230401;20230430;9;6.24;9.62;14.28;4.72;2.60;22.3;17.1;-3.0;156.20;9;43.9;7.9
1420;20230501;20230531;9;-999;15.81;21.21;10.18;2.61;28.0;14.7;4.3;270.20;9;53.3;26.4
1420;20230601;20230630;9;3.47;21.68;28.24;14.49;2.43;33.7;25.2;10.4;338.40;9;37.6;14.1
1420;20230701;20230731;9;5.55;20.78;26.70;14.23;2.77;36.9;27.3;10.2;231.90;9;107.5;32.3
1420;20230801;20230831;9;5.64;19.72;25.15;14.80;-999;32.2;-999;9.5;184.60;3;137.2;62.5
1420;20230901;20230930;9;4.12;18.78;25.52;12.70;2.13;30.4;21.7;5.1;263.40;3;20.8;5.2
1420;20231001;20231031;9;6.52;12.86;17.98;7.95;2.45;27.2;22.9;-1.3;114.90;3;80.8;15.2
1420;20231101;20231130;9;7.04;7.32;10.09;4.38;-999;15.7;-999;-2.5;31.80;3;91.1;25.3
1420;20231201;20231231;9;7.36;5.42;7.65;2.59;-999;13.0;-999;-4.8;25.80;3;66.2;10.0
1420;20240101;20240131;9;6.30;2.43;5.70;-1.10;3.00;14.5;21.8;-9.9;74.30;3;50.8;14.7
1420;20240201;20240229;9;7.10;8.17;11.64;4.37;2.93;16.5;22.0;-1.9;61.50;3;83.4;19.2
1420;20240301;20240331;9;6.81;8.88;13.79;3.86;2.32;19.7;22.0;-1.3;112.70;3;41.0;12.2
1420;20240401;20240430;9;6.63;11.35;16.84;5.28;2.70;26.9;-999;-1.0;174.10;3;29.4;6.8
1420;20240501;20240531;9;6.05;16.32;21.37;11.08;2.26;27.0;15.0;5.8;188.60;3;104.2;18.7
1420;20240601;20240630;9;5.38;18.23;23.68;12.20;2.53;31.9;24.3;6.5;217.80;3;69.0;13.5
1420;20240701;20240731;9;5.62;20.68;26.67;14.55;2.39;33.6;21.9;8.7;245.60;3;54.0;19.0
1420;20240801;20240831;9;4.31;21.71;28.28;15.05;2.32;35.9;14.9;7.2;293.00;3;39.2;13.8
1420;20240901;20240930;9;5.47;16.90;21.88;12.27;2.53;33.1;16.7;2.8;162.50;3;117.5;25.0
1420;20241001;20241031;9;6.68;12.20;15.84;8.49;2.13;22.2;14.8;3.7;72.60;3;56.7;19.5
1420;20241101;20241130;9;6.89;6.38;8.80;3.51;2.43;16.8;20.1;-4.5;36.70;3;42.8;8.8
1420;20241201;20241231;9;7.22;3.50;5.75;0.85;2.74;12.9;21.1;-4.5;27.00;3;39.5;11.9